Delta,Time,CPU_FREQUENCY_0,CPU_FREQUENCY_1,CPU_FREQUENCY_10,CPU_FREQUENCY_11,CPU_FREQUENCY_12,CPU_FREQUENCY_13,CPU_FREQUENCY_14,CPU_FREQUENCY_15,CPU_FREQUENCY_2,CPU_FREQUENCY_3,CPU_FREQUENCY_4,CPU_FREQUENCY_5,CPU_FREQUENCY_6,CPU_FREQUENCY_7,CPU_FREQUENCY_8,CPU_FREQUENCY_9,CPU_USAGE_0,CPU_USAGE_1,CPU_USAGE_10,CPU_USAGE_11,CPU_USAGE_12,CPU_USAGE_13,CPU_USAGE_14,CPU_USAGE_15,CPU_USAGE_2,CPU_USAGE_3,CPU_USAGE_4,CPU_USAGE_5,CPU_USAGE_6,CPU_USAGE_7,CPU_USAGE_8,CPU_USAGE_9,DRAM_ENERGY (J),PACKAGE_ENERGY (J),PP0_ENERGY (J),TOTAL_MEMORY,TOTAL_SWAP,USED_MEMORY,USED_SWAP
0,1779637849261,800,800,800,3000,800,2099,872,1408,800,800,942,800,800,1698,1069,800,8,4.1666669845581055,0,0,0,4.1666669845581055,4.1666669845581055,4.1666669845581055,8,0,0,0,0,4,4.1666669845581055,0,60204.60382080078,244055.15899658203,0,404332056576,8589930496,4033679360,0
200,1779637849261,800,800,800,3000,800,2099,872,1408,800,800,942,800,800,1698,1069,800,8,4.1666669845581055,0,0,0,4.1666669845581055,4.1666669845581055,4.1666669845581055,8,0,0,0,0,4,4.1666669845581055,0,60204.60382080078,244055.15899658203,0,404332056576,8589930496,4033679360,0
199,1779637849462,800,800,800,3000,800,2099,872,1408,800,800,942,800,800,1698,1069,800,0,0,0,0,50,0,0,0,0,0,0,0,0,50,0,0,60205.76062011719,244060.1597290039,0,404332056576,8589930496,4033679360,0
199,1779637849662,800,800,800,3000,800,2099,872,1408,800,800,942,800,800,1698,1069,800,0,0,0,0,0,0,0,0,0,0,0,0,0,100,0,0,60208.67022705078,244066.95513916016,0,404332056576,8589930496,4033679360,0
199,1779637849862,800,800,800,3000,800,2099,872,1408,800,800,942,800,800,1698,1069,800,0,0,0,0,0,0,0,0,0,0,0,0,0,100,0,0,60211.58972167969,244073.68579101563,0,404332056576,8589930496,4034371584,0
199,1779637850062,800,800,800,3000,800,2099,872,1408,800,800,942,800,800,1698,1069,800,0,0,0,0,0,0,0,0,0,0,0,0,0,100,0,0,60214.510314941406,244080.41864013672,0,404332056576,8589930496,4034371584,0
200,1779637850262,800,800,800,3000,800,2099,872,1408,800,800,942,800,800,1698,1069,800,0,0,0,0,0,0,0,0,0,0,0,0,0,100,0,0,60217.377502441406,244087.1576538086,0,404332056576,8589930496,4034371584,0
199,1779637850462,800,800,800,3000,800,2099,872,1408,800,800,942,800,800,1698,1069,800,0,0,0,0,0,0,0,0,0,0,0,0,0,100,0,0,60220.28430175781,244094.1029663086,0,404332056576,8589930496,4034371584,0
199,1779637850662,800,800,800,3000,800,2099,872,1408,800,800,942,800,800,1698,1069,800,0,0,0,0,0,0,0,0,0,0,0,0,0,100,0,0,60223.18127441406,244101.04541015625,0,404332056576,8589930496,4034371584,0
199,1779637850862,800,800,800,3000,800,2099,872,1408,800,800,942,800,800,1698,1069,800,0,0,0,0,0,0,0,0,0,0,0,0,0,100,0,0,60226.094665527344,244107.9854736328,0,404332056576,8589930496,4034113536,0
199,1779637851063,800,800,800,3000,800,2099,872,1408,800,800,942,800,800,1698,1069,800,0,0,0,0,0,0,0,0,0,0,0,0,0,100,0,0,60228.991943359375,244114.93353271484,0,404332056576,8589930496,4034113536,0
199,1779637851263,800,800,800,3000,800,2099,872,1408,800,800,942,800,800,1698,1069,800,0,0,0,0,0,0,0,0,0,0,0,0,0,100,0,0,60231.89025878906,244121.8773803711,0,404332056576,8589930496,4034113536,0
199,1779637851463,800,800,800,3000,800,2099,872,1408,800,800,942,800,800,1698,1069,800,0,0,0,0,0,0,0,0,0,0,0,0,0,100,0,0,60234.80682373047,244128.63012695313,0,404332056576,8589930496,4034113536,0
199,1779637851663,800,800,800,3000,800,2099,872,1408,800,800,942,800,800,1698,1069,800,0,0,0,0,0,0,0,0,0,0,0,0,0,100,0,0,60237.72039794922,244135.37493896484,0,404332056576,8589930496,4034113536,0
199,1779637851863,800,800,800,3000,800,2099,872,1408,800,800,942,800,800,1698,1069,800,0,0,0,0,0,0,0,0,0,0,0,0,0,100,0,0,60240.613830566406,244142.11865234375,0,404332056576,8589930496,4034113536,0
199,1779637852063,800,800,800,3000,800,2099,872,1408,800,800,942,800,800,1698,1069,800,0,0,0,0,0,0,0,0,0,0,0,0,0,100,0,0,60243.52423095703,244148.85821533203,0,404332056576,8589930496,4034113536,0
199,1779637852263,800,800,800,3000,800,2099,872,1408,800,800,942,800,800,1698,1069,800,0,0,0,0,0,0,0,0,0,0,0,0,0,100,0,0,60246.43194580078,244155.59936523438,0,404332056576,8589930496,4033855488,0
199,1779637852463,800,800,800,3000,800,2099,872,1408,800,800,942,800,800,1698,1069,800,0,0,0,0,0,0,0,0,0,0,0,0,0,100,0,0,60249.35760498047,244162.34588623047,0,404332056576,8589930496,4033855488,0
199,1779637852664,800,800,800,3000,800,2099,872,1408,800,800,942,800,800,1698,1069,800,0,0,0,0,0,0,0,0,0,0,0,0,0,100,0,0,60252.25695800781,244169.09899902344,0,404332056576,8589930496,4033855488,0
199,1779637852864,800,800,800,3000,800,2099,872,1408,800,800,942,800,800,1698,1069,800,0,0,0,0,0,0,0,0,0,0,0,0,0,100,0,0,60255.169982910156,244175.8348388672,0,404332056576,8589930496,4033847296,0
199,1779637853064,800,800,800,3000,800,2099,872,1408,800,800,942,800,800,1698,1069,800,0,0,0,0,0,0,0,0,0,0,0,0,0,100,0,0,60258.105529785156,244182.57641601563,0,404332056576,8589930496,4033331200,0
199,1779637853264,800,800,800,3000,800,2099,872,1408,800,800,942,800,800,1698,1069,800,4.761904716491699,0,0,0,0,0,0,0,0,0,0,0,0,100,0,0,60261.004943847656,244189.31964111328,0,404332056576,8589930496,4033331200,0
199,1779637853464,800,800,800,3000,800,2099,872,1408,800,800,942,800,800,1698,1069,800,0,0,0,0,0,0,0,0,0,0,0,0,0,100,0,0,60263.859375,244196.06134033203,0,404332056576,8589930496,4033331200,0
199,1779637853664,800,800,800,3000,800,2099,872,1408,800,800,942,800,800,1698,1069,800,0,0,0,0,0,0,0,0,0,0,0,0,0,100,0,0,60266.72351074219,244202.79821777344,0,404332056576,8589930496,4033331200,0
199,1779637853864,800,800,800,3000,800,2099,872,1408,800,800,942,800,800,1698,1069,800,0,0,0,0,0,0,0,0,0,0,0,0,0,100,0,0,60269.62567138672,244209.5390625,0,404332056576,8589930496,4033073152,0
199,1779637854064,800,800,800,3000,800,2099,872,1408,800,800,942,800,800,1698,1069,800,0,0,0,0,0,0,0,0,0,0,0,0,0,100,0,0,60272.53479003906,244216.27990722656,0,404332056576,8589930496,4033073152,0
199,1779637854265,800,800,800,3000,800,2099,872,1408,800,800,942,800,800,1698,1069,800,0,0,0,0,0,0,0,0,0,0,0,0,0,100,0,0,60275.434143066406,244223.01342773438,0,404332056576,8589930496,4032815104,0
199,1779637854465,800,800,800,3000,800,2099,872,1408,800,800,942,800,800,1698,1069,800,0,0,0,0,0,0,0,0,0,0,0,0,0,100,0,0,60278.33868408203,244229.74951171875,0,404332056576,8589930496,4032815104,0
199,1779637854665,800,800,800,3000,800,2099,872,1408,800,800,942,800,800,1698,1069,800,0,0,0,0,0,0,0,0,0,0,0,0,0,100,0,0,60281.26062011719,244236.48748779297,0,404332056576,8589930496,4032815104,0
199,1779637854865,800,800,800,3000,800,2099,872,1408,800,800,942,800,800,1698,1069,800,0,0,0,0,0,0,0,0,0,0,0,0,0,100,0,0,60284.19689941406,244243.22326660156,0,404332056576,8589930496,4032815104,0
199,1779637855065,800,800,800,3000,800,2099,872,1408,800,800,942,800,800,1698,1069,800,0,0,0,0,0,0,0,0,0,0,0,0,0,100,0,0,60287.12878417969,244249.9705810547,0,404332056576,8589930496,4032557056,0
199,1779637855265,800,800,800,3000,800,2099,872,1408,800,800,942,800,800,1698,1069,800,10,0,0,0,23.809524536132813,0,0,0,5,0,0,0,0,60.000003814697266,0,0,60289.53674316406,244256.30444335938,0,404332056576,8589930496,4055777280,0
199,1779637855465,800,800,800,3000,800,2099,872,1408,800,800,942,800,800,1698,1069,800,0,0,0,0,100,0,0,0,0,0,0,0,0,0,0,0,60290.16052246094,244261.7003173828,0,404332056576,8589930496,4064034816,0
199,1779637855666,800,800,800,3000,800,2099,872,1408,800,800,942,800,800,1698,1069,800,0,0,0,0,100,0,0,0,0,0,0,0,0,0,0,0,60290.68103027344,244267.02978515625,0,404332056576,8589930496,4064026624,0
199,1779637855866,800,800,800,3000,800,2099,872,1408,800,800,942,800,800,1698,1069,800,0,0,0,0,100,0,0,0,0,0,0,0,0,0,0,0,60291.22521972656,244272.3621826172,0,404332056576,8589930496,4064022528,0
199,1779637856066,800,800,800,3000,800,2099,872,1408,800,800,942,800,800,1698,1069,800,0,0,0,0,100,0,0,0,0,0,0,0,0,0,0,0,60291.749267578125,244277.68518066406,0,404332056576,8589930496,4064022528,0
199,1779637856266,800,800,800,3000,800,2099,872,1408,800,800,942,800,800,1698,1069,800,0,0,0,0,100,0,0,0,0,0,0,0,0,0,0,0,60292.23516845703,244283.0142211914,0,404332056576,8589930496,4064022528,0
199,1779637856466,800,800,800,3000,800,2099,872,1408,800,800,942,800,800,1698,1069,800,0,0,0,0,100,0,0,0,0,0,0,0,0,0,0,0,60292.74914550781,244288.33947753906,0,404332056576,8589930496,4064022528,0
199,1779637856666,800,800,800,3000,800,2099,872,1408,800,800,942,800,800,1698,1069,800,4.761904716491699,0,0,0,100,0,0,0,0,0,0,0,0,0,0,0,60293.23468017578,244293.6668701172,0,404332056576,8589930496,4064022528,0
199,1779637856866,800,800,800,3000,800,2099,872,1408,800,800,942,800,800,1698,1069,800,0,0,0,0,100,0,0,0,0,0,0,0,0,0,0,0,60293.76776123047,244299.05059814453,0,404332056576,8589930496,4063764480,0
199,1779637857066,800,800,800,3000,800,2099,872,1408,800,800,942,800,800,1698,1069,800,0,0,0,0,100,0,0,0,0,0,0,0,0,0,0,0,60294.24499511719,244304.37060546875,0,404332056576,8589930496,4063506432,0
199,1779637857267,800,800,800,3000,800,2099,872,1408,800,800,942,800,800,1698,1069,800,0,0,0,0,100,0,0,0,0,0,0,0,0,0,0,0,60294.7451171875,244309.7798461914,0,404332056576,8589930496,4063506432,0
199,1779637857467,800,800,800,3000,800,2099,872,1408,800,800,942,800,800,1698,1069,800,0,0,0,0,100,0,0,0,0,0,0,0,0,0,0,0,60295.22961425781,244315.10357666016,0,404332056576,8589930496,4063506432,0
199,1779637857667,800,800,800,3000,800,2099,872,1408,800,800,942,800,800,1698,1069,800,0,0,0,0,100,0,0,0,0,0,0,0,0,0,0,0,60295.718688964844,244320.42944335938,0,404332056576,8589930496,4063506432,0
199,1779637857867,800,800,800,3000,800,2099,872,1408,800,800,942,800,800,1698,1069,800,0,0,0,0,100,0,0,0,0,0,0,0,0,0,0,0,60296.21905517578,244325.755859375,0,404332056576,8589930496,4063506432,0
199,1779637858067,800,800,800,3000,800,2099,872,1408,800,800,942,800,800,1698,1069,800,0,0,0,0,100,0,0,0,0,0,0,0,0,0,0,0,60296.751708984375,244331.0971069336,0,404332056576,8589930496,4063506432,0
199,1779637858267,800,800,800,3000,800,2099,872,1408,800,800,942,800,800,1698,1069,800,0,0,0,0,100,0,0,0,0,0,0,0,0,0,0,0,60297.262756347656,244336.45764160156,0,404332056576,8589930496,4063506432,0
199,1779637858467,800,800,800,3000,800,2099,872,1408,800,800,942,800,800,1698,1069,800,0,0,0,0,100,0,0,0,0,0,0,0,0,0,0,0,60297.73065185547,244341.77563476563,0,404332056576,8589930496,4063506432,0
199,1779637858667,800,800,800,3000,800,2099,872,1408,800,800,942,800,800,1698,1069,800,0,0,0,0,100,0,0,0,0,0,0,0,0,0,0,0,60298.17608642578,244347.09552001953,0,404332056576,8589930496,4063506432,0
200,1779637858867,800,800,800,3000,800,2099,872,1408,800,800,942,800,800,1698,1069,800,0,0,0,0,100,0,0,0,0,0,0,0,0,0,0,0,60298.67272949219,244352.49743652344,0,404332056576,8589930496,4063506432,0
199,1779637859068,800,800,800,3000,800,2099,872,1408,800,800,942,800,800,1698,1069,800,2.4390242099761963,0,0,0,100,0,0,0,0,0,0,0,0,0,0,0,60299.117919921875,244357.85180664063,0,404332056576,8589930496,4063248384,0
199,1779637859268,800,800,800,3000,800,2099,872,1408,800,800,942,800,800,1698,1069,800,0,0,0,0,100,0,0,0,0,0,0,0,0,0,0,0,60299.615295410156,244363.17749023438,0,404332056576,8589930496,4063248384,0
199,1779637859468,800,800,800,3000,800,2099,872,1408,800,800,942,800,800,1698,1069,800,0,0,0,0,100,0,0,0,0,0,0,0,0,0,0,0,60300.16827392578,244368.52276611328,0,404332056576,8589930496,4063248384,0
199,1779637859668,800,800,800,3000,800,2099,872,1408,800,800,942,800,800,1698,1069,800,0,0,0,0,100,0,0,0,0,0,0,0,0,0,0,0,60300.67492675781,244373.85375976563,0,404332056576,8589930496,4063248384,0
199,1779637859868,800,800,800,3000,800,2099,872,1408,800,800,942,800,800,1698,1069,800,0,0,0,0,100,0,0,0,0,0,0,0,0,0,0,0,60301.19305419922,244379.27996826172,0,404332056576,8589930496,4062986240,0
199,1779637860068,800,800,800,3000,800,2099,872,1408,800,800,942,800,800,1698,1069,800,0,0,0,0,100,0,0,0,4.761904716491699,0,0,0,0,0,0,0,60301.669006347656,244384.6025390625,0,404332056576,8589930496,4062986240,0
200,1779637860268,800,800,800,3000,800,2099,872,1408,800,800,942,800,800,1698,1069,800,0,0,0,0,100,0,0,0,4.761904716491699,0,0,0,0,0,0,0,60302.09893798828,244389.9111328125,0,404332056576,8589930496,4062986240,0
199,1779637860469,800,800,800,3000,800,2099,872,1408,800,800,942,800,800,1698,1069,800,0,0,0,0,100,0,0,0,0,0,0,0,0,0,0,0,60302.556884765625,244395.26251220703,0,404332056576,8589930496,4062986240,0
199,1779637860669,800,800,800,3000,800,2099,872,1408,800,800,942,800,800,1698,1069,800,0,0,0,0,100,0,0,0,0,0,0,0,0,0,0,0,60303.022705078125,244400.58319091797,0,404332056576,8589930496,4062986240,0
199,1779637860869,800,800,800,3000,800,2099,872,1408,800,800,942,800,800,1698,1069,800,0,0,0,0,100,0,0,0,0,0,0,0,0,0,0,0,60303.502685546875,244405.8895263672,0,404332056576,8589930496,4062986240,0
199,1779637861069,800,800,800,3000,800,2099,872,1408,800,800,942,800,800,1698,1069,800,0,0,0,0,90,0,0,9.523809432983398,0,0,0,0,0,0,0,0,60304.007751464844,244411.2935180664,0,404332056576,8589930496,4062470144,0
200,1779637861269,800,800,800,3000,800,2099,872,1408,800,800,942,800,800,1698,1069,800,0,0,0,0,90,0,0,9.523809432983398,0,0,0,0,0,0,0,0,60306.26739501953,244417.53240966797,0,404332056576,8589930496,4062470144,0
199,1779637861469,800,800,800,3000,800,2099,872,1408,800,800,942,800,800,1698,1069,800,100,0,0,0,0,0,0,0,0,0,0,0,0,0,0,0,60309.161865234375,244424.2632446289,0,404332056576,8589930496,4062470144,0
199,1779637861669,800,800,800,3000,800,2099,872,1408,800,800,942,800,800,1698,1069,800,100,0,0,0,0,0,0,0,0,0,0,0,0,0,0,0,60312.03973388672,244430.99493408203,0,404332056576,8589930496,4062466048,0
199,1779637861870,800,800,800,3000,800,2099,872,1408,800,800,942,800,800,1698,1069,800,100,0,0,0,0,0,0,0,0,0,0,0,0,0,0,0,60314.930603027344,244437.73431396484,0,404332056576,8589930496,4062466048,0
199,1779637862070,800,800,800,3000,800,2099,872,1408,800,800,942,800,800,1698,1069,800,100,0,0,0,0,0,0,0,0,0,0,0,0,0,0,0,60317.82995605469,244444.59967041016,0,404332056576,8589930496,4062466048,0
200,1779637862270,800,800,800,3000,800,2099,872,1408,800,800,942,800,800,1698,1069,800,100,0,0,0,0,0,0,0,0,0,0,0,0,0,0,0,60320.74005126953,244451.5478515625,0,404332056576,8589930496,4062466048,0
199,1779637862470,800,800,800,3000,800,2099,872,1408,800,800,942,800,800,1698,1069,800,100,0,0,0,0,0,0,0,0,0,0,0,0,0,0,0,60323.66961669922,244458.36065673828,0,404332056576,8589930496,4062466048,0
199,1779637862670,800,800,800,3000,800,2099,872,1408,800,800,942,800,800,1698,1069,800,100,0,0,0,0,0,0,0,0,0,0,0,0,0,0,0,60326.573974609375,244465.09606933594,0,404332056576,8589930496,4062466048,0
199,1779637862870,800,800,800,3000,800,2099,872,1408,800,800,942,800,800,1698,1069,800,100,0,0,0,0,0,0,0,0,0,0,0,0,0,0,0,60329.481872558594,244471.83557128906,0,404332056576,8589930496,4062466048,0
199,1779637863070,800,800,800,3000,800,2099,872,1408,800,800,942,800,800,1698,1069,800,100,0,0,0,0,0,0,0,0,0,0,0,0,0,0,0,60332.393798828125,244478.57946777344,0,404332056576,8589930496,4062208000,0
199,1779637863270,800,800,800,3000,800,2099,872,1408,800,800,942,800,800,1698,1069,800,100,0,0,0,0,0,0,0,0,0,0,0,0,0,0,0,60335.30194091797,244485.32391357422,0,404332056576,8589930496,4062208000,0
199,1779637863471,800,800,800,3000,800,2099,872,1408,800,800,942,800,800,1698,1069,800,100,0,0,0,0,0,0,0,0,0,0,0,0,0,0,0,60338.22216796875,244492.07305908203,0,404332056576,8589930496,4062208000,0
199,1779637863671,800,800,800,3000,800,2099,872,1408,800,800,942,800,800,1698,1069,800,100,0,0,0,0,0,0,0,0,0,0,0,0,0,0,0,60341.161865234375,244498.81634521484,0,404332056576,8589930496,4061949952,0
199,1779637863871,800,800,800,3000,800,2099,872,1408,800,800,942,800,800,1698,1069,800,100,0,0,0,0,0,0,0,0,0,0,0,0,0,0,0,60344.15002441406,244505.56268310547,0,404332056576,8589930496,4061949952,0
199,1779637864071,800,800,800,3000,800,2099,872,1408,800,800,942,800,800,1698,1069,800,100,0,0,0,0,0,0,0,0,0,0,0,0,0,0,0,60347.06640625,244512.30364990234,0,404332056576,8589930496,4061933568,0
199,1779637864271,800,800,800,3000,800,2099,872,1408,800,800,942,800,800,1698,1069,800,100,0,0,0,0,0,0,0,0,9.090909004211426,0,0,0,0,0,0,60350.02258300781,244519.04815673828,0,404332056576,8589930496,4061933568,0
199,1779637864471,800,800,800,3000,800,2099,872,1408,800,800,942,800,800,1698,1069,800,100,0,0,0,0,0,0,0,0,0,0,0,0,0,0,0,60352.95202636719,244525.78790283203,0,404332056576,8589930496,4061933568,0
199,1779637864671,800,800,800,3000,800,2099,872,1408,800,800,942,800,800,1698,1069,800,100,0,0,0,0,0,0,0,0,0,0,0,0,0,0,0,60355.883361816406,244532.55004882813,0,404332056576,8589930496,4061933568,0
199,1779637864872,800,800,800,3000,800,2099,872,1408,800,800,942,800,800,1698,1069,800,100,0,0,0,0,0,0,0,0,0,0,0,0,0,0,0,60358.80676269531,244539.29467773438,0,404332056576,8589930496,4061933568,0
199,1779637865072,800,800,800,3000,800,2099,872,1408,800,800,942,800,800,1698,1069,800,100,0,0,0,0,0,0,0,0,0,0,0,0,0,0,0,60361.708435058594,244546.03533935547,0,404332056576,8589930496,4061675520,0
199,1779637865272,800,800,800,3000,800,2099,872,1408,800,800,942,800,800,1698,1069,800,100,0,0,0,0,0,0,0,0,0,0,0,0,0,0,0,60364.63464355469,244552.78009033203,0,404332056576,8589930496,4061675520,0
199,1779637865472,800,800,800,3000,800,2099,872,1408,800,800,942,800,800,1698,1069,800,100,0,0,0,0,0,0,0,0,0,0,0,0,0,0,0,60367.544982910156,244559.51696777344,0,404332056576,8589930496,4061675520,0
199,1779637865672,800,800,800,3000,800,2099,872,1408,800,800,942,800,800,1698,1069,800,100,0,0,0,0,0,0,0,0,0,0,0,0,0,0,0,60370.440368652344,244566.25653076172,0,404332056576,8589930496,4061675520,0
199,1779637865872,800,800,800,3000,800,2099,872,1408,800,800,942,800,800,1698,1069,800,100,0,0,0,0,0,0,0,0,0,0,0,0,0,0,0,60373.32263183594,244572.99243164063,0,404332056576,8589930496,4061675520,0
199,1779637866072,800,800,800,3000,800,2099,872,1408,800,800,942,800,800,1698,1069,800,100,0,0,0,0,0,0,0,0,0,0,0,0,0,0,0,60376.23797607422,244579.76708984375,0,404332056576,8589930496,4061675520,0
199,1779637866272,800,800,800,3000,800,2099,872,1408,800,800,942,800,800,1698,1069,800,100,0,0,0,0,0,0,0,0,0,0,0,0,0,0,0,60379.15905761719,244586.49829101563,0,404332056576,8589930496,4061671424,0
199,1779637866473,800,800,800,3000,800,2099,872,1408,800,800,942,800,800,1698,1069,800,100,0,0,0,0,0,0,0,0,0,0,0,0,0,0,0,60382.05798339844,244593.23901367188,0,404332056576,8589930496,4061671424,0
199,1779637866673,800,800,800,3000,800,2099,872,1408,800,800,942,800,800,1698,1069,800,100,0,0,0,0,0,0,0,0,0,0,0,0,0,0,0,60384.9462890625,244599.9790649414,0,404332056576,8589930496,4061413376,0
199,1779637866873,800,800,800,3000,800,2099,872,1408,800,800,942,800,800,1698,1069,800,100,0,0,0,0,0,0,0,0,0,0,0,0,0,0,0,60387.822021484375,244606.71990966797,0,404332056576,8589930496,4061413376,0
199,1779637867073,800,800,800,3000,800,2099,872,1408,800,800,942,800,800,1698,1069,800,10.526315689086914,0,0,0,0,14.285715103149414,0,5,0,0,0,0,0,61.904762268066406,0,0,60390.48913574219,244612.9867553711,0,404332056576,8589930496,4061155328,0
200,1779637867273,800,800,800,3000,800,2099,872,1408,800,800,942,800,800,1698,1069,800,10.526315689086914,0,0,0,0,14.285715103149414,0,5,0,0,0,0,0,61.904762268066406,0,0,60393.415954589844,244619.73278808594,0,404332056576,8589930496,4061155328,0
199,1779637867473,800,800,800,3000,800,2099,872,1408,800,800,942,800,800,1698,1069,800,0,0,0,0,0,0,0,0,0,0,0,0,0,100,0,0,60396.38732910156,244626.47930908203,0,404332056576,8589930496,4061155328,0
199,1779637867673,800,800,800,3000,800,2099,872,1408,800,800,942,800,800,1698,1069,800,0,0,0,0,0,0,0,0,0,0,0,0,0,100,0,0,60399.34686279297,244633.22033691406,0,404332056576,8589930496,4061155328,0
199,1779637867873,800,800,800,3000,800,2099,872,1408,800,800,942,800,800,1698,1069,800,0,0,0,0,0,0,0,0,4.761904716491699,0,0,0,0,100,0,0,60402.25634765625,244639.9581298828,0,404332056576,8589930496,4061155328,0
199,1779637868073,800,800,800,3000,800,2099,872,1408,800,800,942,800,800,1698,1069,800,0,0,0,0,0,0,0,0,0,0,0,0,0,100,0,0,60405.19787597656,244646.69622802734,0,404332056576,8589930496,4061155328,0
199,1779637868274,800,800,800,3000,800,2099,872,1408,800,800,942,800,800,1698,1069,800,0,0,0,0,0,0,0,0,0,0,0,0,0,100,0,0,60408.12042236328,244653.43634033203,0,404332056576,8589930496,4061155328,0
199,1779637868474,800,800,800,3000,800,2099,872,1408,800,800,942,800,800,1698,1069,800,0,0,0,0,0,0,0,0,0,0,0,0,0,100,0,0,60411.03448486328,244660.17486572266,0,404332056576,8589930496,4061155328,0
199,1779637868674,800,800,800,3000,800,2099,872,1408,800,800,942,800,800,1698,1069,800,0,0,0,0,0,0,0,0,4.761904716491699,0,0,0,0,100,0,0,60413.9658203125,244666.93829345703,0,404332056576,8589930496,4060897280,0
199,1779637868874,800,800,800,3000,800,2099,872,1408,800,800,942,800,800,1698,1069,800,0,0,0,0,0,0,0,0,0,0,0,0,0,100,0,0,60416.89172363281,244673.63739013672,0,404332056576,8589930496,4060897280,0
199,1779637869074,800,800,800,3000,800,2099,872,1408,800,800,942,800,800,1698,1069,800,0,0,0,0,0,0,0,0,0,0,0,0,0,100,0,0,60419.80139160156,244680.38592529297,0,404332056576,8589930496,4060639232,0
200,1779637869274,800,800,800,3000,800,2099,872,1408,800,800,942,800,800,1698,1069,800,0,0,0,0,0,0,0,0,0,0,0,0,0,100,0,0,60422.70233154297,244687.138671875,0,404332056576,8589930496,4060639232,0
199,1779637869474,800,800,800,3000,800,2099,872,1408,800,800,942,800,800,1698,1069,800,0,0,0,0,0,0,0,0,0,0,0,0,0,100,0,0,60425.590759277344,244693.88580322266,0,404332056576,8589930496,4060639232,0
199,1779637869674,800,800,800,3000,800,2099,872,1408,800,800,942,800,800,1698,1069,800,0,0,0,0,0,0,0,0,0,0,0,0,0,100,0,0,60428.46105957031,244700.6280517578,0,404332056576,8589930496,4060639232,0
199,1779637869875,800,800,800,3000,800,2099,872,1408,800,800,942,800,800,1698,1069,800,0,0,0,0,0,0,0,0,0,0,0,0,0,100,0,0,60431.326416015625,244707.36346435547,0,404332056576,8589930496,4060639232,0
199,1779637870075,800,800,800,3000,800,2099,872,1408,800,800,942,800,800,1698,1069,800,0,0,0,0,0,0,0,0,0,0,0,0,0,100,0,0,60434.23809814453,244714.1612548828,0,404332056576,8589930496,4060639232,0
200,1779637870275,800,800,800,3000,800,2099,872,1408,800,800,942,800,800,1698,1069,800,0,0,0,0,0,0,0,0,0,0,0,0,0,100,0,0,60437.14404296875,244721.10357666016,0,404332056576,8589930496,4060639232,0
199,1779637870475,800,800,800,3000,800,2099,872,1408,800,800,942,800,800,1698,1069,800,0,0,0,0,0,0,0,0,0,0,0,0,0,100,0,0,60440.0322265625,244727.9139404297,0,404332056576,8589930496,4060639232,0
199,1779637870675,800,800,800,3000,800,2099,872,1408,800,800,942,800,800,1698,1069,800,0,0,0,0,0,0,0,0,0,0,0,0,0,100,0,0,60442.91766357422,244734.65338134766,0,404332056576,8589930496,4060626944,0
199,1779637870875,800,800,800,3000,800,2099,872,1408,800,800,942,800,800,1698,1069,800,0,0,0,0,0,0,0,0,0,0,0,0,0,100,0,0,60445.825622558594,244741.39239501953,0,404332056576,8589930496,4060626944,0
199,1779637871075,800,800,800,3000,800,2099,872,1408,800,800,942,800,800,1698,1069,800,0,0,0,0,0,0,0,0,0,0,0,0,0,100,0,0,60448.72296142578,244748.13165283203,0,404332056576,8589930496,4060368896,0
199,1779637871275,800,800,800,3000,800,2099,872,1408,800,800,942,800,800,1698,1069,800,0,0,0,0,0,0,0,0,0,0,0,0,0,100,0,0,60451.597229003906,244754.87420654297,0,404332056576,8589930496,4060368896,0
199,1779637871476,800,800,800,3000,800,2099,872,1408,800,800,942,800,800,1698,1069,800,0,0,0,0,0,0,0,0,0,0,0,0,0,100,0,0,60454.46502685547,244761.61407470703,0,404332056576,8589930496,4060368896,0
199,1779637871676,800,800,800,3000,800,2099,872,1408,800,800,942,800,800,1698,1069,800,0,0,0,0,0,0,0,0,0,0,0,0,0,100,0,0,60457.31799316406,244768.35412597656,0,404332056576,8589930496,4060110848,0
199,1779637871876,800,800,800,3000,800,2099,872,1408,800,800,942,800,800,1698,1069,800,0,0,0,0,0,0,0,0,0,0,0,0,0,100,0,0,60460.13104248047,244775.0977783203,0,404332056576,8589930496,4060110848,0
199,1779637872076,800,800,800,3000,800,2099,872,1408,800,800,942,800,800,1698,1069,800,0,0,0,0,0,0,0,0,0,0,0,0,0,100,0,0,60463.02325439453,244781.83770751953,0,404332056576,8589930496,4060110848,0
199,1779637872276,800,800,800,3000,800,2099,872,1408,800,800,942,800,800,1698,1069,800,0,0,0,0,0,0,0,0,0,0,0,0,0,100,0,0,60465.913513183594,244788.57653808594,0,404332056576,8589930496,4060110848,0
199,1779637872476,800,800,800,3000,800,2099,872,1408,800,800,942,800,800,1698,1069,800,4.761904716491699,0,0,0,0,0,0,0,0,0,0,0,0,100,0,0,60468.783630371094,244795.3204345703,0,404332056576,8589930496,4060110848,0
199,1779637872676,800,800,800,3000,800,2099,872,1408,800,800,942,800,800,1698,1069,800,0,0,0,0,0,0,0,0,0,0,0,0,0,100,0,0,60471.71905517578,244802.05377197266,0,404332056576,8589930496,4059852800,0
199,1779637872876,800,800,800,3000,800,2099,872,1408,800,800,942,800,800,1698,1069,800,10.526315689086914,0,0,0,0,0,0,47.619049072265625,0,0,0,0,0,31.57894515991211,0,0,60473.53796386719,244807.8966064453,0,404332056576,8589930496,4075077632,0
199,1779637873077,800,800,800,3000,800,2099,872,1408,800,800,942,800,800,1698,1069,800,0,0,0,0,0,0,0,100,0,0,0,0,0,0,0,0,60473.994079589844,244813.22326660156,0,404332056576,8589930496,4074819584,0
199,1779637873277,800,800,800,3000,800,2099,872,1408,800,800,942,800,800,1698,1069,800,0,0,0,0,0,0,0,100,0,0,0,0,0,0,0,0,60474.52032470703,244818.61840820313,0,404332056576,8589930496,4074819584,0
199,1779637873477,800,800,800,3000,800,2099,872,1408,800,800,942,800,800,1698,1069,800,0,0,0,0,0,0,0,100,0,0,0,0,0,0,0,0,60475.00750732422,244823.9423828125,0,404332056576,8589930496,4074819584,0
199,1779637873677,800,800,800,3000,800,2099,872,1408,800,800,942,800,800,1698,1069,800,0,0,0,0,0,0,0,100,0,0,0,0,0,0,0,0,60475.47930908203,244829.25708007813,0,404332056576,8589930496,4074819584,0
199,1779637873877,800,800,800,3000,800,2099,872,1408,800,800,942,800,800,1698,1069,800,4.761904716491699,0,0,0,0,0,0,100,0,0,0,0,0,0,0,0,60475.951110839844,244834.5767211914,0,404332056576,8589930496,4074819584,0
199,1779637874077,800,800,800,3000,800,2099,872,1408,800,800,942,800,800,1698,1069,800,0,0,0,0,0,0,0,100,0,0,0,0,0,0,0,0,60476.472106933594,244839.9418334961,0,404332056576,8589930496,4074819584,0
199,1779637874277,800,800,800,3000,800,2099,872,1408,800,800,942,800,800,1698,1069,800,0,0,0,0,0,0,0,100,0,0,0,0,0,0,0,0,60476.97100830078,244845.2694091797,0,404332056576,8589930496,4074819584,0
199,1779637874477,800,800,800,3000,800,2099,872,1408,800,800,942,800,800,1698,1069,800,0,0,0,0,0,0,0,100,0,0,0,0,0,0,0,0,60477.451904296875,244850.6015625,0,404332056576,8589930496,4074819584,0
199,1779637874678,800,800,800,3000,800,2099,872,1408,800,800,942,800,800,1698,1069,800,0,0,0,0,0,0,0,100,0,0,0,0,0,0,0,0,60477.91473388672,244855.92938232422,0,404332056576,8589930496,4074819584,0
199,1779637874878,800,800,800,3000,800,2099,872,1408,800,800,942,800,800,1698,1069,800,0,0,0,0,0,0,0,100,0,0,0,0,0,0,0,0,60478.390625,244861.26403808594,0,404332056576,8589930496,4074561536,0
199,1779637875078,800,800,800,3000,800,2099,872,1408,800,800,942,800,800,1698,1069,800,0,0,0,0,0,0,0,100,0,0,0,0,0,0,0,0,60478.87322998047,244866.5926513672,0,404332056576,8589930496,4074303488,0
199,1779637875278,800,800,800,3000,800,2099,872,1408,800,800,942,800,800,1698,1069,800,0,0,0,0,0,0,0,100,0,0,0,0,0,0,0,0,60479.384704589844,244871.9291381836,0,404332056576,8589930496,4074303488,0
199,1779637875478,800,800,800,3000,800,2099,872,1408,800,800,942,800,800,1698,1069,800,4.761904716491699,0,0,0,0,0,0,100,0,0,0,0,0,0,0,0,60479.86669921875,244877.23248291016,0,404332056576,8589930496,4074303488,0
199,1779637875678,800,800,800,3000,800,2099,872,1408,800,800,942,800,800,1698,1069,800,0,0,0,0,0,0,0,100,0,0,0,0,0,0,0,0,60480.370178222656,244882.55920410156,0,404332056576,8589930496,4074303488,0
199,1779637875878,800,800,800,3000,800,2099,872,1408,800,800,942,800,800,1698,1069,800,0,0,0,0,0,0,0,100,0,0,0,0,0,0,0,0,60480.83581542969,244887.88354492188,0,404332056576,8589930496,4074303488,0
199,1779637876078,800,800,800,3000,800,2099,872,1408,800,800,942,800,800,1698,1069,800,0,0,0,0,0,0,0,100,0,0,0,0,0,0,0,0,60481.313415527344,244893.20501708984,0,404332056576,8589930496,4074303488,0
199,1779637876279,800,800,800,3000,800,2099,872,1408,800,800,942,800,800,1698,1069,800,0,0,0,0,0,0,0,100,0,0,0,0,0,0,0,0,60481.778259277344,244898.5362548828,0,404332056576,8589930496,4074303488,0
199,1779637876479,800,800,800,3000,800,2099,872,1408,800,800,942,800,800,1698,1069,800,0,0,0,0,0,0,0,100,0,0,0,0,0,0,0,0,60482.23352050781,244903.86138916016,0,404332056576,8589930496,4074303488,0
199,1779637876679,800,800,800,3000,800,2099,872,1408,800,800,942,800,800,1698,1069,800,0,0,0,0,0,0,0,100,0,0,0,0,0,0,0,0,60482.694396972656,244909.18817138672,0,404332056576,8589930496,4074045440,0
199,1779637876879,800,800,800,3000,800,2099,872,1408,800,800,942,800,800,1698,1069,800,0,0,0,0,0,0,0,100,0,0,0,0,0,0,0,0,60483.185119628906,244914.56677246094,0,404332056576,8589930496,4074045440,0
199,1779637877079,800,800,800,3000,800,2099,872,1408,800,800,942,800,800,1698,1069,800,0,0,0,0,0,0,0,100,0,0,0,0,0,0,0,0,60483.64453125,244919.88836669922,0,404332056576,8589930496,4074045440,0
199,1779637877279,800,800,800,3000,800,2099,872,1408,800,800,942,800,800,1698,1069,800,0,0,0,0,0,0,0,100,0,0,0,0,0,0,0,0,60484.12158203125,244925.21478271484,0,404332056576,8589930496,4074041344,0
199,1779637877479,800,800,800,3000,800,2099,872,1408,800,800,942,800,800,1698,1069,800,0,0,0,0,0,0,0,100,0,0,0,0,0,0,0,0,60484.58856201172,244930.54364013672,0,404332056576,8589930496,4074041344,0
199,1779637877680,800,800,800,3000,800,2099,872,1408,800,800,942,800,800,1698,1069,800,0,0,0,0,0,0,0,100,0,0,0,0,0,0,0,0,60485.039123535156,244935.8692626953,0,404332056576,8589930496,4074041344,0
199,1779637877880,800,800,800,3000,800,2099,872,1408,800,800,942,800,800,1698,1069,800,0,0,0,0,0,0,0,100,0,0,0,0,0,0,0,0,60485.54083251953,244941.1973876953,0,404332056576,8589930496,4073783296,0
199,1779637878080,800,800,800,3000,800,2099,872,1408,800,800,942,800,800,1698,1069,800,0,0,0,0,0,0,0,100,0,0,0,0,0,0,0,0,60486.03308105469,244946.5267944336,0,404332056576,8589930496,4073783296,0
199,1779637878280,800,800,800,3000,800,2099,872,1408,800,800,942,800,800,1698,1069,800,0,0,0,0,0,0,0,100,0,0,0,0,0,0,0,0,60486.505310058594,244951.85333251953,0,404332056576,8589930496,4073783296,0
199,1779637878480,800,800,800,3000,800,2099,872,1408,800,800,942,800,800,1698,1069,800,0,0,0,0,0,0,0,100,0,0,0,0,0,0,0,0,60486.96612548828,244957.17852783203,0,404332056576,8589930496,4073783296,0
199,1779637878680,800,800,800,3000,800,2099,872,1408,800,800,942,800,800,1698,1069,800,0,0,0,0,0,0,0,47.36842346191406,30.000001907348633,0,0,0,0,0,10,0,60487.99072265625,244962.59228515625,0,404332056576,8589930496,4061683712,0
199,1779637878880,800,800,800,3000,800,2099,872,1408,800,800,942,800,800,1698,1069,800,0,0,0,0,0,0,0,0,100,0,0,0,0,0,0,0,60490.91540527344,244969.2525024414,0,404332056576,8589930496,4061683712,0
199,1779637879080,800,800,800,3000,800,2099,872,1408,800,800,942,800,800,1698,1069,800,0,0,0,0,0,0,0,0,100,0,0,0,0,0,0,0,60493.775451660156,244975.95574951172,0,404332056576,8589930496,4061425664,0
199,1779637879281,800,800,800,3000,800,2099,872,1408,800,800,942,800,800,1698,1069,800,0,0,0,0,0,0,0,0,100,0,0,0,0,0,0,0,60496.676025390625,244982.6997680664,0,404332056576,8589930496,4061425664,0
199,1779637879481,800,800,800,3000,800,2099,872,1408,800,800,942,800,800,1698,1069,800,0,0,0,0,0,0,0,0,100,0,0,0,0,0,0,0,60499.61151123047,244989.44079589844,0,404332056576,8589930496,4061425664,0
199,1779637879681,800,800,800,3000,800,2099,872,1408,800,800,942,800,800,1698,1069,800,0,0,0,0,0,0,0,0,100,0,0,0,0,0,0,0,60502.495056152344,244996.21453857422,0,404332056576,8589930496,4061425664,0
199,1779637879881,800,800,800,3000,800,2099,872,1408,800,800,942,800,800,1698,1069,800,0,0,0,0,0,0,0,0,100,0,0,0,0,0,0,0,60505.44616699219,245003.15643310547,0,404332056576,8589930496,4061425664,0
199,1779637880081,800,800,800,3000,800,2099,872,1408,800,800,942,800,800,1698,1069,800,9.090909004211426,0,0,0,0,0,0,0,100,0,0,0,0,0,0,0,60508.375061035156,245010.0858154297,0,404332056576,8589930496,4061425664,0
199,1779637880281,800,800,800,3000,800,2099,872,1408,800,800,942,800,800,1698,1069,800,0,0,0,0,0,0,0,0,100,0,0,0,0,0,0,0,60511.29132080078,245017.01727294922,0,404332056576,8589930496,4061167616,0
199,1779637880481,800,800,800,3000,800,2099,872,1408,800,800,942,800,800,1698,1069,800,0,0,0,0,0,0,0,0,100,0,0,0,0,0,0,0,60514.1884765625,245023.95190429688,0,404332056576,8589930496,4061167616,0
199,1779637880682,800,800,800,3000,800,2099,872,1408,800,800,942,800,800,1698,1069,800,0,0,0,0,0,0,0,0,100,0,0,0,0,0,0,0,60517.077392578125,245030.85345458984,0,404332056576,8589930496,4061167616,0
199,1779637880882,800,800,800,3000,800,2099,872,1408,800,800,942,800,800,1698,1069,800,0,0,0,0,0,0,0,0,100,0,0,0,0,0,0,0,60519.936767578125,245037.5927734375,0,404332056576,8589930496,4060909568,0
199,1779637881082,800,800,800,3000,800,2099,872,1408,800,800,942,800,800,1698,1069,800,0,0,0,0,0,0,0,0,100,0,0,0,0,0,0,0,60522.82995605469,245044.33660888672,0,404332056576,8589930496,4060909568,0
199,1779637881282,800,800,800,3000,800,2099,872,1408,800,800,942,800,800,1698,1069,800,0,0,0,0,0,0,0,0,100,0,0,0,0,0,0,0,60525.75158691406,245051.07592773438,0,404332056576,8589930496,4060909568,0
199,1779637881482,800,800,800,3000,800,2099,872,1408,800,800,942,800,800,1698,1069,800,0,0,0,0,0,0,0,0,100,0,0,0,0,0,0,0,60528.63165283203,245057.8218383789,0,404332056576,8589930496,4060909568,0
199,1779637881682,800,800,800,3000,800,2099,872,1408,800,800,942,800,800,1698,1069,800,0,0,0,0,0,0,0,0,100,0,0,0,0,0,0,0,60531.52197265625,245064.56329345703,0,404332056576,8589930496,4060651520,0
199,1779637881882,800,800,800,3000,800,2099,872,1408,800,800,942,800,800,1698,1069,800,0,0,0,0,0,0,0,0,100,0,0,0,0,0,0,0,60534.43292236328,245071.30084228516,0,404332056576,8589930496,4060651520,0
199,1779637882082,800,800,800,3000,800,2099,872,1408,800,800,942,800,800,1698,1069,800,0,0,0,0,0,0,0,0,100,0,0,0,0,0,0,0,60537.347900390625,245078.03839111328,0,404332056576,8589930496,4060651520,0
199,1779637882282,800,800,800,3000,800,2099,872,1408,800,800,942,800,800,1698,1069,800,0,0,0,0,0,0,0,0,100,0,0,0,0,0,0,0,60540.25817871094,245084.77899169922,0,404332056576,8589930496,4060651520,0
199,1779637882483,800,800,800,3000,800,2099,872,1408,800,800,942,800,800,1698,1069,800,0,0,0,0,0,0,0,0,100,0,0,0,0,0,0,0,60543.13653564453,245091.51721191406,0,404332056576,8589930496,4060651520,0
199,1779637882683,800,800,800,3000,800,2099,872,1408,800,800,942,800,800,1698,1069,800,0,0,0,0,0,0,0,0,100,0,0,0,0,0,0,0,60546.012756347656,245098.25634765625,0,404332056576,8589930496,4060651520,0
199,1779637882883,800,800,800,3000,800,2099,872,1408,800,800,942,800,800,1698,1069,800,0,0,0,0,0,0,0,0,100,0,0,0,0,0,0,0,60548.884033203125,245104.99975585938,0,404332056576,8589930496,4060651520,0
199,1779637883083,800,800,800,3000,800,2099,872,1408,800,800,942,800,800,1698,1069,800,0,0,0,0,0,0,0,0,100,0,0,0,0,0,0,0,60551.77575683594,245111.74127197266,0,404332056576,8589930496,4060651520,0
199,1779637883283,800,800,800,3000,800,2099,872,1408,800,800,942,800,800,1698,1069,800,0,0,0,0,0,0,0,0,100,0,0,0,0,0,0,0,60554.678283691406,245118.48345947266,0,404332056576,8589930496,4060651520,0
199,1779637883483,800,800,800,3000,800,2099,872,1408,800,800,942,800,800,1698,1069,800,0,0,0,0,0,0,0,0,100,0,0,0,0,0,0,0,60557.56463623047,245125.2232055664,0,404332056576,8589930496,4060651520,0
199,1779637883683,800,800,800,3000,800,2099,872,1408,800,800,942,800,800,1698,1069,800,4.761904716491699,0,0,0,0,0,0,0,100,0,0,0,0,0,0,0,60560.499938964844,245131.96002197266,0,404332056576,8589930496,4060651520,0
199,1779637883884,800,800,800,3000,800,2099,872,1408,800,800,942,800,800,1698,1069,800,0,0,0,0,0,0,0,0,100,0,0,0,0,0,0,0,60563.419921875,245138.69537353516,0,404332056576,8589930496,4060393472,0
199,1779637884084,800,800,800,3000,800,2099,872,1408,800,800,942,800,800,1698,1069,800,0,0,0,0,0,0,0,0,100,0,0,0,0,0,0,0,60566.324462890625,245145.43280029297,0,404332056576,8589930496,4060393472,0
199,1779637884284,800,800,800,3000,800,2099,872,1408,800,800,942,800,800,1698,1069,800,0,0,0,0,0,0,0,0,100,0,0,0,0,0,0,0,60569.24774169922,245152.1767578125,0,404332056576,8589930496,4060393472,0
199,1779637884484,800,800,800,3000,800,2099,872,1408,800,800,942,800,800,1698,1069,800,0,0,0,0,0,0,14.285715103149414,9.523809432983398,70,0,0,0,0,0,0,0,60571.666931152344,245158.52001953125,0,404332056576,8589930496,4060135424,0
199,1779637884684,800,800,800,3000,800,2099,872,1408,800,800,942,800,800,1698,1069,800,100,0,0,0,0,0,0,0,0,0,0,0,0,0,0,0,60574.21368408203,245164.94659423828,0,404332056576,8589930496,4059865088,0
199,1779637884884,800,800,800,3000,800,2099,872,1408,800,800,942,800,800,1698,1069,800,100,0,0,0,0,0,0,0,0,0,0,0,0,0,0,0,60577.16082763672,245171.69500732422,0,404332056576,8589930496,4059865088,0
199,1779637885084,800,800,800,3000,800,2099,872,1408,800,800,942,800,800,1698,1069,800,100,0,0,0,0,0,0,0,0,0,0,0,0,0,0,0,60580.07733154297,245178.44580078125,0,404332056576,8589930496,4059607040,0
199,1779637885284,800,800,800,3000,800,2099,872,1408,800,800,942,800,800,1698,1069,800,100,0,0,0,0,0,0,0,0,0,0,0,0,0,0,0,60583.03515625,245185.1909790039,0,404332056576,8589930496,4059607040,0
199,1779637885485,800,800,800,3000,800,2099,872,1408,800,800,942,800,800,1698,1069,800,100,0,0,0,0,0,0,0,0,0,0,0,0,0,0,0,60585.95928955078,245191.93389892578,0,404332056576,8589930496,4059607040,0
199,1779637885685,800,800,800,3000,800,2099,872,1408,800,800,942,800,800,1698,1069,800,100,0,0,0,0,0,0,0,0,0,0,0,0,0,0,0,60588.863037109375,245198.67681884766,0,404332056576,8589930496,4059607040,0
199,1779637885885,800,800,800,3000,800,2099,872,1408,800,800,942,800,800,1698,1069,800,100,0,0,0,0,0,0,0,0,0,0,0,0,0,0,0,60591.798828125,245205.42041015625,0,404332056576,8589930496,4059607040,0
199,1779637886085,800,800,800,3000,800,2099,872,1408,800,800,942,800,800,1698,1069,800,100,0,0,0,0,0,0,0,0,0,0,0,0,0,0,0,60594.750427246094,245212.2391357422,0,404332056576,8589930496,4059607040,0
199,1779637886285,800,800,800,3000,800,2099,872,1408,800,800,942,800,800,1698,1069,800,100,0,0,0,0,0,0,0,0,0,0,0,0,0,0,0,60597.682189941406,245219.08911132813,0,404332056576,8589930496,4059607040,0
199,1779637886485,800,800,800,3000,800,2099,872,1408,800,800,942,800,800,1698,1069,800,100,0,0,0,0,0,0,0,0,0,0,0,0,0,0,0,60600.60363769531,245225.83819580078,0,404332056576,8589930496,4059607040,0
199,1779637886685,800,800,800,3000,800,2099,872,1408,800,800,942,800,800,1698,1069,800,100,0,0,0,0,0,0,0,0,0,0,0,0,0,0,0,60603.516540527344,245232.58819580078,0,404332056576,8589930496,4059607040,0
199,1779637886885,800,800,800,3000,800,2099,872,1408,800,800,942,800,800,1698,1069,800,100,0,0,0,0,0,0,0,0,0,0,0,0,0,0,0,60606.417236328125,245239.30352783203,0,404332056576,8589930496,4059607040,0
199,1779637887086,800,800,800,3000,800,2099,872,1408,800,800,942,800,800,1698,1069,800,100,0,0,0,0,0,0,0,0,0,0,0,0,0,0,0,60609.32629394531,245246.08349609375,0,404332056576,8589930496,4059607040,0
199,1779637887286,800,800,800,3000,800,2099,872,1408,800,800,942,800,800,1698,1069,800,100,0,0,0,0,0,0,0,0,0,0,0,0,0,0,0,60612.22637939453,245252.79388427734,0,404332056576,8589930496,4059607040,0
199,1779637887486,800,800,800,3000,800,2099,872,1408,800,800,942,800,800,1698,1069,800,100,0,0,0,0,0,0,0,0,0,0,0,0,0,0,0,60615.11767578125,245259.53857421875,0,404332056576,8589930496,4059607040,0
199,1779637887686,800,800,800,3000,800,2099,872,1408,800,800,942,800,800,1698,1069,800,100,0,0,0,0,0,0,0,0,0,0,0,0,0,0,0,60618.03533935547,245266.28314208984,0,404332056576,8589930496,4059455488,0
199,1779637887886,800,800,800,3000,800,2099,872,1408,800,800,942,800,800,1698,1069,800,100,0,0,0,0,0,0,0,0,0,9.090909004211426,0,0,0,0,0,60620.96417236328,245273.0297241211,0,404332056576,8589930496,4059197440,0
199,1779637888086,800,800,800,3000,800,2099,872,1408,800,800,942,800,800,1698,1069,800,100,0,0,0,0,0,0,0,0,0,0,0,0,0,0,0,60623.858642578125,245279.77600097656,0,404332056576,8589930496,4059197440,0
199,1779637888286,800,800,800,3000,800,2099,872,1408,800,800,942,800,800,1698,1069,800,100,0,0,0,0,0,0,0,0,0,0,0,0,0,0,0,60626.73034667969,245286.52215576172,0,404332056576,8589930496,4059197440,0
199,1779637888486,800,800,800,3000,800,2099,872,1408,800,800,942,800,800,1698,1069,800,100,0,0,0,0,0,0,0,0,0,0,0,0,0,0,0,60629.593811035156,245293.26428222656,0,404332056576,8589930496,4059197440,0
199,1779637888687,800,800,800,3000,800,2099,872,1408,800,800,942,800,800,1698,1069,800,100,0,0,0,0,0,0,0,0,0,0,0,0,0,0,0,60632.47155761719,245300.0107421875,0,404332056576,8589930496,4059197440,0
199,1779637888887,800,800,800,3000,800,2099,872,1408,800,800,942,800,800,1698,1069,800,100,0,0,0,0,0,0,0,0,0,0,0,0,0,0,0,60635.35498046875,245306.7523803711,0,404332056576,8589930496,4059197440,0
199,1779637889087,800,800,800,3000,800,2099,872,1408,800,800,942,800,800,1698,1069,800,100,0,0,0,0,0,0,0,0,0,0,0,0,0,0,0,60638.207092285156,245313.4906616211,0,404332056576,8589930496,4059197440,0
199,1779637889287,800,800,800,3000,800,2099,872,1408,800,800,942,800,800,1698,1069,800,100,0,0,0,0,0,0,0,0,0,0,0,0,0,0,0,60641.10791015625,245320.22607421875,0,404332056576,8589930496,4059197440,0
199,1779637889487,800,800,800,3000,800,2099,872,1408,800,800,942,800,800,1698,1069,800,100,0,0,0,0,0,0,0,0,0,0,0,0,0,0,0,60643.99609375,245326.96319580078,0,404332056576,8589930496,4059197440,0
199,1779637889687,800,800,800,3000,800,2099,872,1408,800,800,942,800,800,1698,1069,800,100,0,0,0,0,0,0,0,0,0,0,0,0,0,0,0,60646.86999511719,245333.70678710938,0,404332056576,8589930496,4059197440,0
199,1779637889887,800,800,800,3000,800,2099,872,1408,800,800,942,800,800,1698,1069,800,100,0,0,0,0,0,0,0,0,0,0,0,0,0,0,0,60649.75842285156,245340.44696044922,0,404332056576,8589930496,4059197440,0
199,1779637890088,800,800,800,3000,800,2099,872,1408,800,800,942,800,800,1698,1069,800,100,0,0,0,0,0,0,0,0,0,0,0,0,0,0,0,60652.64990234375,245347.1849975586,0,404332056576,8589930496,4059197440,0
199,1779637890288,800,800,800,3000,800,2099,872,1408,800,800,942,800,800,1698,1069,800,100,0,0,0,0,0,0,4.761904716491699,0,0,0,0,0,4.761904716491699,0,0,60655.549377441406,245353.9141845703,0,404332056576,8589930496,4059197440,0
199,1779637890488,800,800,800,3000,800,2099,872,1408,800,800,942,800,800,1698,1069,800,9.523809432983398,14.285715103149414,0,0,75,0,0,0,0,0,0,0,0,0,0,0,60656.81103515625,245359.46948242188,0,404332056576,8589930496,4061040640,0
199,1779637890688,800,800,800,3000,800,2099,872,1408,800,800,942,800,800,1698,1069,800,0,0,0,0,100,0,0,0,0,0,0,0,0,0,0,0,60657.33605957031,245364.98406982422,0,404332056576,8589930496,4061040640,0
199,1779637890888,800,800,800,3000,800,2099,872,1408,800,800,942,800,800,1698,1069,800,0,0,0,0,100,0,0,0,0,0,0,0,0,0,0,0,60657.916076660156,245370.5078125,0,404332056576,8589930496,4060348416,0
199,1779637891088,800,800,800,3000,800,2099,872,1408,800,800,942,800,800,1698,1069,800,0,0,0,0,100,0,0,0,0,0,0,0,0,0,0,0,60658.4306640625,245375.8594970703,0,404332056576,8589930496,4060090368,0
199,1779637891288,800,800,800,3000,800,2099,872,1408,800,800,942,800,800,1698,1069,800,0,0,0,0,100,0,0,0,0,0,0,0,0,0,0,0,60658.93896484375,245381.38806152344,0,404332056576,8589930496,4060090368,0
199,1779637891488,800,800,800,3000,800,2099,872,1408,800,800,942,800,800,1698,1069,800,0,0,0,0,100,0,0,0,0,0,0,0,0,0,0,0,60659.555725097656,245386.8603515625,0,404332056576,8589930496,4060090368,0
199,1779637891689,800,800,800,3000,800,2099,872,1408,800,800,942,800,800,1698,1069,800,0,0,0,0,100,0,0,0,0,0,0,0,0,0,0,0,60660.093688964844,245392.32513427734,0,404332056576,8589930496,4060090368,0
199,1779637891889,800,800,800,3000,800,2099,872,1408,800,800,942,800,800,1698,1069,800,0,0,0,0,100,0,0,0,0,0,0,0,0,0,0,0,60660.623596191406,245397.81860351563,0,404332056576,8589930496,4060090368,0
199,1779637892089,800,800,800,3000,800,2099,872,1408,800,800,942,800,800,1698,1069,800,0,0,0,0,100,0,0,0,0,0,0,0,0,0,0,0,60661.132385253906,245403.33282470703,0,404332056576,8589930496,4060090368,0
199,1779637892289,800,800,800,3000,800,2099,872,1408,800,800,942,800,800,1698,1069,800,0,0,0,0,100,0,0,0,0,0,0,0,0,0,0,0,60661.681091308594,245408.83416748047,0,404332056576,8589930496,4060090368,0
199,1779637892489,800,800,800,3000,800,2099,872,1408,800,800,942,800,800,1698,1069,800,0,0,0,0,100,0,0,0,0,0,0,0,0,0,0,0,60662.177978515625,245414.1651611328,0,404332056576,8589930496,4060090368,0
199,1779637892689,800,800,800,3000,800,2099,872,1408,800,800,942,800,800,1698,1069,800,0,0,0,0,100,0,0,0,0,0,0,0,0,0,0,0,60662.69421386719,245419.67742919922,0,404332056576,8589930496,4060090368,0
199,1779637892889,800,800,800,3000,800,2099,872,1408,800,800,942,800,800,1698,1069,800,0,0,0,0,100,0,0,0,0,0,0,0,0,0,0,0,60663.204528808594,245425.04510498047,0,404332056576,8589930496,4060090368,0
199,1779637893090,800,800,800,3000,800,2099,872,1408,800,800,942,800,800,1698,1069,800,0,0,0,0,100,0,0,0,0,0,0,0,0,0,0,0,60663.70361328125,245430.37243652344,0,404332056576,8589930496,4060090368,0
199,1779637893290,800,800,800,3000,800,2099,872,1408,800,800,942,800,800,1698,1069,800,0,0,0,0,100,0,0,0,0,0,0,0,0,0,0,0,60664.24499511719,245435.69665527344,0,404332056576,8589930496,4060090368,0
199,1779637893490,800,800,800,3000,800,2099,872,1408,800,800,942,800,800,1698,1069,800,0,0,0,0,100,0,0,0,0,0,0,0,0,0,0,0,60664.76745605469,245441.01818847656,0,404332056576,8589930496,4060090368,0
199,1779637893690,800,800,800,3000,800,2099,872,1408,800,800,942,800,800,1698,1069,800,0,0,0,0,100,0,0,0,0,0,4.761904716491699,0,0,0,0,0,60665.266052246094,245446.34326171875,0,404332056576,8589930496,4060073984,0
199,1779637893890,800,800,800,3000,800,2099,872,1408,800,800,942,800,800,1698,1069,800,0,0,0,0,100,0,0,0,0,0,0,0,0,0,0,0,60665.80291748047,245451.67932128906,0,404332056576,8589930496,4059815936,0
199,1779637894090,800,800,800,3000,800,2099,872,1408,800,800,942,800,800,1698,1069,800,0,0,0,0,100,0,0,0,0,0,0,0,0,0,0,0,60666.297302246094,245457.0044555664,0,404332056576,8589930496,4059815936,0
199,1779637894290,800,800,800,3000,800,2099,872,1408,800,800,942,800,800,1698,1069,800,0,0,0,0,100,0,0,0,0,0,0,0,0,0,0,0,60666.79748535156,245462.32647705078,0,404332056576,8589930496,4059815936,0
199,1779637894490,800,800,800,3000,800,2099,872,1408,800,800,942,800,800,1698,1069,800,0,0,0,0,100,0,0,0,0,0,0,0,0,0,0,0,60667.26483154297,245467.6519165039,0,404332056576,8589930496,4059815936,0
199,1779637894691,800,800,800,3000,800,2099,872,1408,800,800,942,800,800,1698,1069,800,0,0,0,0,100,0,0,0,0,0,0,0,0,0,0,0,60667.740966796875,245472.97003173828,0,404332056576,8589930496,4059815936,0
199,1779637894891,800,800,800,3000,800,2099,872,1408,800,800,942,800,800,1698,1069,800,0,0,0,0,100,0,0,0,0,0,0,0,0,0,0,0,60668.22296142578,245478.28735351563,0,404332056576,8589930496,4059815936,0
199,1779637895091,800,800,800,3000,800,2099,872,1408,800,800,942,800,800,1698,1069,800,0,0,0,0,100,0,0,0,0,0,0,0,0,0,0,0,60668.707458496094,245483.60540771484,0,404332056576,8589930496,4059815936,0
199,1779637895291,800,800,800,3000,800,2099,872,1408,800,800,942,800,800,1698,1069,800,0,0,0,0,100,0,0,0,0,0,0,0,0,0,0,0,60669.20086669922,245488.9351196289,0,404332056576,8589930496,4059815936,0
199,1779637895491,800,800,800,3000,800,2099,872,1408,800,800,942,800,800,1698,1069,800,0,0,0,0,100,0,0,0,0,0,4.761904716491699,0,0,0,0,0,60669.71319580078,245494.26434326172,0,404332056576,8589930496,4059815936,0
199,1779637895691,800,800,800,3000,800,2099,872,1408,800,800,942,800,800,1698,1069,800,0,0,0,0,100,0,0,0,0,0,0,0,0,0,0,0,60670.16729736328,245499.5859375,0,404332056576,8589930496,4059815936,0
199,1779637895891,800,800,800,3000,800,2099,872,1408,800,800,942,800,800,1698,1069,800,0,0,0,0,100,0,0,0,0,0,0,0,0,0,0,0,60670.654357910156,245504.91577148438,0,404332056576,8589930496,4059815936,0
199,1779637896091,800,800,800,3000,800,2099,872,1408,800,800,942,800,800,1698,1069,800,0,0,0,0,100,0,0,0,0,0,0,0,0,0,0,0,60671.17333984375,245510.23461914063,0,404332056576,8589930496,4059815936,0
199,1779637896292,800,800,800,3000,800,2099,872,1408,800,800,942,800,800,1698,1069,800,60.000003814697266,0,0,0,20,0,0,5.263157844543457,0,0,0,0,0,0,0,0,60673.160217285156,245516.2748413086,0,404332056576,8589930496,4059815936,0
199,1779637896492,800,800,800,3000,800,2099,872,1408,800,800,942,800,800,1698,1069,800,100,0,0,0,0,0,0,0,0,0,0,0,0,0,0,0,60676.085693359375,245523.00036621094,0,404332056576,8589930496,4059815936,0
199,1779637896692,800,800,800,3000,800,2099,872,1408,800,800,942,800,800,1698,1069,800,100,0,0,0,0,0,0,0,0,0,0,0,0,0,0,0,60678.96203613281,245529.7276611328,0,404332056576,8589930496,4059815936,0
199,1779637896892,800,800,800,3000,800,2099,872,1408,800,800,942,800,800,1698,1069,800,100,0,0,0,0,0,0,0,0,0,0,0,0,0,0,0,60681.86248779297,245536.45739746094,0,404332056576,8589930496,4059557888,0
199,1779637897092,800,800,800,3000,800,2099,872,1408,800,800,942,800,800,1698,1069,800,100,0,0,0,0,0,0,0,0,0,0,0,0,0,0,0,60684.706604003906,245543.18310546875,0,404332056576,8589930496,4059557888,0
199,1779637897292,800,800,800,3000,800,2099,872,1408,800,800,942,800,800,1698,1069,800,100,0,0,0,0,0,0,0,0,0,0,0,0,0,0,0,60687.61700439453,245549.92016601563,0,404332056576,8589930496,4059557888,0
199,1779637897492,800,800,800,3000,800,2099,872,1408,800,800,942,800,800,1698,1069,800,100,0,0,0,0,0,0,0,0,0,0,0,0,0,0,0,60690.539306640625,245556.65460205078,0,404332056576,8589930496,4059299840,0
199,1779637897693,800,800,800,3000,800,2099,872,1408,800,800,942,800,800,1698,1069,800,100,0,0,0,0,0,0,0,0,0,0,0,0,0,0,0,60693.426696777344,245563.39025878906,0,404332056576,8589930496,4059299840,0
199,1779637897893,800,800,800,3000,800,2099,872,1408,800,800,942,800,800,1698,1069,800,100,0,0,0,0,0,0,0,0,0,0,0,0,0,0,0,60696.28015136719,245570.1248779297,0,404332056576,8589930496,4059299840,0
199,1779637898093,800,800,800,3000,800,2099,872,1408,800,800,942,800,800,1698,1069,800,100,0,0,0,0,0,0,0,0,0,0,0,0,0,0,0,60699.15930175781,245576.96533203125,0,404332056576,8589930496,4059299840,0
199,1779637898293,800,800,800,3000,800,2099,872,1408,800,800,942,800,800,1698,1069,800,100,0,0,0,0,0,0,0,0,0,4.761904716491699,0,0,0,0,0,60702.03302001953,245583.70526123047,0,404332056576,8589930496,4059299840,0
199,1779637898493,800,800,800,3000,800,2099,872,1408,800,800,942,800,800,1698,1069,800,100,0,0,0,0,0,0,0,0,0,0,0,0,0,0,0,60704.93829345703,245590.45153808594,0,404332056576,8589930496,4059299840,0
199,1779637898693,800,800,800,3000,800,2099,872,1408,800,800,942,800,800,1698,1069,800,100,0,0,0,0,0,0,0,0,0,0,0,0,0,0,0,60707.86309814453,245597.19537353516,0,404332056576,8589930496,4059299840,0
199,1779637898893,800,800,800,3000,800,2099,872,1408,800,800,942,800,800,1698,1069,800,100,0,0,0,0,0,0,0,0,0,0,0,0,0,0,0,60710.760498046875,245603.94134521484,0,404332056576,8589930496,4059299840,0
199,1779637899093,800,800,800,3000,800,2099,872,1408,800,800,942,800,800,1698,1069,800,100,0,0,0,0,0,0,0,0,0,0,0,0,0,0,0,60713.66943359375,245610.6856689453,0,404332056576,8589930496,4059299840,0
199,1779637899294,800,800,800,3000,800,2099,872,1408,800,800,942,800,800,1698,1069,800,100,0,0,0,0,0,0,0,0,0,0,0,0,0,0,0,60716.55145263672,245617.4190673828,0,404332056576,8589930496,4059299840,0
199,1779637899494,800,800,800,3000,800,2099,872,1408,800,800,942,800,800,1698,1069,800,100,0,0,0,0,0,0,0,0,0,0,0,0,0,0,0,60719.44714355469,245624.12335205078,0,404332056576,8589930496,4059299840,0
199,1779637899694,800,800,800,3000,800,2099,872,1408,800,800,942,800,800,1698,1069,800,100,0,0,0,0,0,0,0,0,0,0,0,0,0,0,0,60722.33947753906,245630.8876953125,0,404332056576,8589930496,4059299840,0
199,1779637899894,800,800,800,3000,800,2099,872,1408,800,800,942,800,800,1698,1069,800,100,0,0,0,0,0,0,0,0,0,0,0,0,0,0,0,60725.218017578125,245637.58123779297,0,404332056576,8589930496,4059041792,0
199,1779637900094,800,800,800,3000,800,2099,872,1408,800,800,942,800,800,1698,1069,800,100,0,0,0,0,0,0,0,0,0,0,0,0,0,0,0,60728.077575683594,245644.31549072266,0,404332056576,8589930496,4059041792,0
199,1779637900294,800,800,800,3000,800,2099,872,1408,800,800,942,800,800,1698,1069,800,100,0,0,0,0,0,0,0,0,0,0,0,0,0,0,0,60730.937438964844,245651.0521850586,0,404332056576,8589930496,4059041792,0
199,1779637900494,800,800,800,3000,800,2099,872,1408,800,800,942,800,800,1698,1069,800,100,0,0,0,0,0,0,0,0,0,0,0,0,0,0,0,60733.847595214844,245657.79431152344,0,404332056576,8589930496,4059041792,0
199,1779637900694,800,800,800,3000,800,2099,872,1408,800,800,942,800,800,1698,1069,800,100,0,0,0,0,0,0,0,0,0,0,0,0,0,0,0,60736.741760253906,245664.53295898438,0,404332056576,8589930496,4059041792,0
199,1779637900895,800,800,800,3000,800,2099,872,1408,800,800,942,800,800,1698,1069,800,100,0,0,0,0,0,0,0,0,0,0,0,0,0,0,0,60739.64318847656,245671.2723388672,0,404332056576,8589930496,4059041792,0
199,1779637901095,800,800,800,3000,800,2099,872,1408,800,800,942,800,800,1698,1069,800,100,0,0,0,0,0,0,0,0,0,0,0,0,0,0,0,60742.55694580078,245678.01806640625,0,404332056576,8589930496,4059041792,0
199,1779637901295,800,800,800,3000,800,2099,872,1408,800,800,942,800,800,1698,1069,800,100,0,0,0,0,0,0,0,0,0,0,0,0,0,0,0,60745.410583496094,245684.76300048828,0,404332056576,8589930496,4059041792,0
199,1779637901495,800,800,800,3000,800,2099,872,1408,800,800,942,800,800,1698,1069,800,100,0,0,0,0,0,0,0,0,0,4.761904716491699,0,0,0,0,0,60748.24694824219,245691.50201416016,0,404332056576,8589930496,4059041792,0
199,1779637901695,800,800,800,3000,800,2099,872,1408,800,800,942,800,800,1698,1069,800,100,0,0,0,0,0,0,0,0,0,0,0,0,0,0,0,60751.140380859375,245698.23999023438,0,404332056576,8589930496,4059041792,0
199,1779637901895,800,800,800,3000,800,2099,872,1408,800,800,942,800,800,1698,1069,800,100,0,0,0,0,0,0,0,0,0,0,0,0,0,0,0,60754.04052734375,245704.9701538086,0,404332056576,8589930496,4059041792,0
199,1779637902095,800,800,800,3000,800,2099,872,1408,800,800,942,800,800,1698,1069,800,36.842105865478516,10,0,0,0,0,0,42.85714340209961,0,0,0,0,0,0,0,0,60755.910095214844,245710.9829711914,0,404332056576,8589930496,4061618176,0
199,1779637902295,800,800,800,3000,800,2099,872,1408,800,800,942,800,800,1698,1069,800,0,0,0,0,0,0,0,100,0,0,0,0,0,0,0,0,60756.401306152344,245716.47760009766,0,404332056576,8589930496,4061614080,0
199,1779637902496,800,800,800,3000,800,2099,872,1408,800,800,942,800,800,1698,1069,800,0,0,0,0,0,0,0,100,0,0,0,0,0,0,0,0,60756.891052246094,245721.99658203125,0,404332056576,8589930496,4061614080,0
199,1779637902696,800,800,800,3000,800,2099,872,1408,800,800,942,800,800,1698,1069,800,0,0,0,0,0,0,0,100,0,0,0,0,0,0,0,0,60757.33312988281,245727.39721679688,0,404332056576,8589930496,4061356032,0
199,1779637902896,800,800,800,3000,800,2099,872,1408,800,800,942,800,800,1698,1069,800,0,0,0,0,0,0,0,100,0,0,0,0,0,0,0,0,60757.8544921875,245732.88439941406,0,404332056576,8589930496,4060913664,0
199,1779637903096,800,800,800,3000,800,2099,872,1408,800,800,942,800,800,1698,1069,800,0,0,0,0,0,0,0,100,0,0,0,0,0,0,0,0,60758.38732910156,245738.39862060547,0,404332056576,8589930496,4060913664,0
199,1779637903296,800,800,800,3000,800,2099,872,1408,800,800,942,800,800,1698,1069,800,0,0,0,0,0,0,0,100,0,0,0,0,0,0,0,0,60758.924377441406,245743.8165283203,0,404332056576,8589930496,4060913664,0
199,1779637903496,800,800,800,3000,800,2099,872,1408,800,800,942,800,800,1698,1069,800,0,0,0,0,0,0,0,100,0,0,0,0,0,0,0,0,60759.494567871094,245749.33630371094,0,404332056576,8589930496,4060913664,0
199,1779637903696,800,800,800,3000,800,2099,872,1408,800,800,942,800,800,1698,1069,800,0,0,0,0,0,0,0,100,0,0,0,0,0,0,0,0,60760.02703857422,245754.86029052734,0,404332056576,8589930496,4060913664,0
199,1779637903897,800,800,800,3000,800,2099,872,1408,800,800,942,800,800,1698,1069,800,0,0,0,0,0,0,0,100,0,0,0,0,0,0,0,0,60760.54266357422,245760.32202148438,0,404332056576,8589930496,4060913664,0
199,1779637904097,800,800,800,3000,800,2099,872,1408,800,800,942,800,800,1698,1069,800,0,0,0,0,0,0,0,100,0,0,0,0,0,0,0,0,60760.97900390625,245765.7465209961,0,404332056576,8589930496,4060913664,0
199,1779637904297,800,800,800,3000,800,2099,872,1408,800,800,942,800,800,1698,1069,800,0,0,0,0,0,0,0,100,0,0,0,0,0,0,0,0,60761.45458984375,245771.24682617188,0,404332056576,8589930496,4060913664,0
199,1779637904497,800,800,800,3000,800,2099,872,1408,800,800,942,800,800,1698,1069,800,0,0,0,0,0,0,0,100,0,0,0,0,0,0,0,0,60761.91296386719,245776.77032470703,0,404332056576,8589930496,4060913664,0
199,1779637904697,800,800,800,3000,800,2099,872,1408,800,800,942,800,800,1698,1069,800,0,0,0,0,0,0,0,100,0,0,5,0,0,0,0,0,60762.41485595703,245782.29412841797,0,404332056576,8589930496,4060913664,0
199,1779637904897,800,800,800,3000,800,2099,872,1408,800,800,942,800,800,1698,1069,800,0,0,0,0,0,0,0,100,0,0,0,0,0,0,0,0,60762.883728027344,245787.62994384766,0,404332056576,8589930496,4060655616,0
199,1779637905097,800,800,800,3000,800,2099,872,1408,800,800,942,800,800,1698,1069,800,0,0,0,0,0,0,0,100,0,0,0,0,0,0,0,0,60763.34716796875,245792.96166992188,0,404332056576,8589930496,4060655616,0
199,1779637905297,800,800,800,3000,800,2099,872,1408,800,800,942,800,800,1698,1069,800,0,0,0,0,0,0,0,100,0,0,0,0,0,0,0,0,60763.79180908203,245798.28649902344,0,404332056576,8589930496,4060655616,0
199,1779637905498,800,800,800,3000,800,2099,872,1408,800,800,942,800,800,1698,1069,800,0,0,0,0,0,0,0,100,0,0,0,0,0,0,0,0,60764.27648925781,245803.65618896484,0,404332056576,8589930496,4060655616,0
199,1779637905698,800,800,800,3000,800,2099,872,1408,800,800,942,800,800,1698,1069,800,0,0,0,0,0,0,0,100,0,0,0,0,0,0,0,0,60764.758056640625,245808.9766845703,0,404332056576,8589930496,4060655616,0
199,1779637905898,800,800,800,3000,800,2099,872,1408,800,800,942,800,800,1698,1069,800,4.761904716491699,0,0,0,0,0,0,100,0,0,0,0,0,0,0,0,60765.26025390625,245814.3101196289,0,404332056576,8589930496,4060655616,0
199,1779637906098,800,800,800,3000,800,2099,872,1408,800,800,942,800,800,1698,1069,800,0,0,0,0,0,0,0,100,0,0,4.761904716491699,0,0,0,0,0,60765.778869628906,245819.75970458984,0,404332056576,8589930496,4060655616,0
199,1779637906298,800,800,800,3000,800,2099,872,1408,800,800,942,800,800,1698,1069,800,0,0,0,0,0,0,0,100,0,0,0,0,0,0,0,0,60766.262939453125,245825.19665527344,0,404332056576,8589930496,4060655616,0
199,1779637906498,800,800,800,3000,800,2099,872,1408,800,800,942,800,800,1698,1069,800,0,0,0,0,0,0,0,100,0,0,0,0,0,0,0,0,60766.74462890625,245830.525390625,0,404332056576,8589930496,4060655616,0
199,1779637906698,800,800,800,3000,800,2099,872,1408,800,800,942,800,800,1698,1069,800,0,0,0,0,0,0,0,100,0,0,0,0,0,0,0,0,60767.24249267578,245835.84954833984,0,404332056576,8589930496,4060397568,0
199,1779637906899,800,800,800,3000,800,2099,872,1408,800,800,942,800,800,1698,1069,800,0,0,0,0,0,0,0,100,0,0,0,0,0,0,0,0,60767.74072265625,245841.18432617188,0,404332056576,8589930496,4060397568,0
199,1779637907099,800,800,800,3000,800,2099,872,1408,800,800,942,800,800,1698,1069,800,0,0,0,0,0,0,0,100,0,0,0,0,0,0,0,0,60768.21813964844,245846.51513671875,0,404332056576,8589930496,4060397568,0
199,1779637907299,800,800,800,3000,800,2099,872,1408,800,800,942,800,800,1698,1069,800,0,0,0,0,0,0,0,100,0,0,0,0,0,0,0,0,60768.702392578125,245851.8505859375,0,404332056576,8589930496,4060397568,0
199,1779637907499,800,800,800,3000,800,2099,872,1408,800,800,942,800,800,1698,1069,800,0,0,0,0,0,0,0,100,0,0,0,0,0,0,0,0,60769.220153808594,245857.18487548828,0,404332056576,8589930496,4060397568,0
199,1779637907699,800,800,800,3000,800,2099,872,1408,800,800,942,800,800,1698,1069,800,0,0,0,0,0,0,0,100,0,0,0,0,0,0,0,0,60769.70947265625,245862.5147705078,0,404332056576,8589930496,4060397568,0
199,1779637907899,800,800,800,3000,800,2099,872,1408,800,800,942,800,800,1698,1069,800,25,0,0,0,0,0,0,55,5,0,0,0,0,0,5.263157844543457,0,60770.72772216797,245868.0805053711,0,404332056576,8589930496,4063457280,0
199,1779637908099,800,800,800,3000,800,2099,872,1408,800,800,942,800,800,1698,1069,800,100,0,0,0,0,0,0,0,0,0,0,0,0,0,0,0,60773.62121582031,245874.99310302734,0,404332056576,8589930496,4063457280,0
199,1779637908299,800,800,800,3000,800,2099,872,1408,800,800,942,800,800,1698,1069,800,100,0,0,0,0,0,0,0,0,0,0,0,0,0,0,0,60776.536865234375,245881.9389038086,0,404332056576,8589930496,4063457280,0
199,1779637908500,800,800,800,3000,800,2099,872,1408,800,800,942,800,800,1698,1069,800,100,0,0,0,0,0,0,0,0,0,0,0,0,0,0,0,60779.44873046875,245888.8494873047,0,404332056576,8589930496,4063457280,0
199,1779637908700,800,800,800,3000,800,2099,872,1408,800,800,942,800,800,1698,1069,800,100,0,0,0,0,0,0,0,0,0,0,0,0,0,0,0,60782.37707519531,245895.79217529297,0,404332056576,8589930496,4063199232,0
199,1779637908900,800,800,800,3000,800,2099,872,1408,800,800,942,800,800,1698,1069,800,100,0,0,0,0,0,0,0,0,0,0,0,0,0,0,0,60785.27380371094,245902.73529052734,0,404332056576,8589930496,4063199232,0
199,1779637909100,800,800,800,3000,800,2099,872,1408,800,800,942,800,800,1698,1069,800,100,0,0,0,0,0,0,0,0,0,0,0,0,0,0,0,60788.167236328125,245909.68096923828,0,404332056576,8589930496,4063199232,0
199,1779637909300,800,800,800,3000,800,2099,872,1408,800,800,942,800,800,1698,1069,800,100,0,0,0,0,0,0,0,0,0,0,0,0,0,0,0,60791.051330566406,245916.62225341797,0,404332056576,8589930496,4063199232,0
199,1779637909500,800,800,800,3000,800,2099,872,1408,800,800,942,800,800,1698,1069,800,100,0,0,0,0,0,0,0,0,0,0,0,0,0,0,0,60793.921447753906,245923.5639038086,0,404332056576,8589930496,4062941184,0
199,1779637909700,800,800,800,3000,800,2099,872,1408,800,800,942,800,800,1698,1069,800,100,0,0,0,0,0,0,0,0,0,0,0,0,0,0,0,60796.79443359375,245930.5037841797,0,404332056576,8589930496,4062941184,0
199,1779637909900,800,800,800,3000,800,2099,872,1408,800,800,942,800,800,1698,1069,800,100,0,0,0,0,0,0,0,0,0,0,0,0,0,0,0,60799.67663574219,245937.43298339844,0,404332056576,8589930496,4062941184,0
199,1779637910101,800,800,800,3000,800,2099,872,1408,800,800,942,800,800,1698,1069,800,100,0,0,0,0,0,0,0,0,0,0,0,0,0,0,0,60802.57550048828,245944.29943847656,0,404332056576,8589930496,4062941184,0
199,1779637910301,800,800,800,3000,800,2099,872,1408,800,800,942,800,800,1698,1069,800,100,0,0,0,0,0,0,0,0,0,0,0,0,0,0,0,60805.455078125,245951.03033447266,0,404332056576,8589930496,4062941184,0
199,1779637910501,800,800,800,3000,800,2099,872,1408,800,800,942,800,800,1698,1069,800,100,0,0,0,0,0,0,0,0,0,0,0,0,0,0,0,60808.34405517578,245957.76959228516,0,404332056576,8589930496,4062941184,0
199,1779637910701,800,800,800,3000,800,2099,872,1408,800,800,942,800,800,1698,1069,800,100,0,0,0,0,0,0,0,0,0,0,0,0,0,0,0,60811.23016357422,245964.5028076172,0,404332056576,8589930496,4062941184,0
199,1779637910901,800,800,800,3000,800,2099,872,1408,800,800,942,800,800,1698,1069,800,100,0,0,0,0,0,0,0,0,0,0,0,0,0,0,0,60814.11901855469,245971.24615478516,0,404332056576,8589930496,4062683136,0
199,1779637911101,800,800,800,3000,800,2099,872,1408,800,800,942,800,800,1698,1069,800,100,0,0,0,0,0,0,0,0,0,0,0,0,0,0,0,60816.959411621094,245977.9874267578,0,404332056576,8589930496,4062683136,0
199,1779637911302,800,800,800,3000,800,2099,872,1408,800,800,942,800,800,1698,1069,800,100,0,0,0,0,0,0,0,0,0,4.761904716491699,0,0,0,0,0,60819.814514160156,245984.7305908203,0,404332056576,8589930496,4062683136,0
199,1779637911502,800,800,800,3000,800,2099,872,1408,800,800,942,800,800,1698,1069,800,100,0,0,0,0,0,0,0,0,0,4.761904716491699,0,0,0,0,0,60822.71307373047,245991.47442626953,0,404332056576,8589930496,4062683136,0
199,1779637911702,800,800,800,3000,800,2099,872,1408,800,800,942,800,800,1698,1069,800,100,0,0,0,0,0,0,0,0,0,0,0,0,0,0,0,60825.54864501953,245998.22302246094,0,404332056576,8589930496,4062666752,0
199,1779637911902,800,800,800,3000,800,2099,872,1408,800,800,942,800,800,1698,1069,800,100,0,0,0,0,0,0,0,0,0,0,0,0,0,0,0,60828.42852783203,246004.95874023438,0,404332056576,8589930496,4062666752,0
199,1779637912102,800,800,800,3000,800,2099,872,1408,800,800,942,800,800,1698,1069,800,100,0,0,0,0,0,0,0,0,9.090909004211426,0,0,0,0,0,0,60831.319396972656,246011.68621826172,0,404332056576,8589930496,4062666752,0
199,1779637912302,800,800,800,3000,800,2099,872,1408,800,800,942,800,800,1698,1069,800,100,0,0,0,0,0,0,0,0,0,0,0,0,0,0,0,60834.2607421875,246018.419921875,0,404332056576,8589930496,4062666752,0
199,1779637912502,800,800,800,3000,800,2099,872,1408,800,800,942,800,800,1698,1069,800,100,0,0,0,0,0,0,0,0,0,0,0,0,0,0,0,60837.173278808594,246025.15991210938,0,404332056576,8589930496,4062666752,0
199,1779637912702,800,800,800,3000,800,2099,872,1408,800,800,942,800,800,1698,1069,800,100,0,0,0,0,0,0,0,0,0,0,0,0,0,0,0,60840.10809326172,246031.90112304688,0,404332056576,8589930496,4062666752,0
199,1779637912903,800,800,800,3000,800,2099,872,1408,800,800,942,800,800,1698,1069,800,100,0,0,0,0,0,0,0,0,0,0,0,0,0,0,0,60843.03973388672,246038.6435546875,0,404332056576,8589930496,4062666752,0
199,1779637913103,800,800,800,3000,800,2099,872,1408,800,800,942,800,800,1698,1069,800,100,0,0,0,0,0,0,0,0,0,0,0,0,0,0,0,60845.915100097656,246045.38610839844,0,404332056576,8589930496,4062666752,0
199,1779637913303,800,800,800,3000,800,2099,872,1408,800,800,942,800,800,1698,1069,800,100,0,0,0,0,0,0,0,0,0,0,0,0,0,0,0,60848.81652832031,246052.1153564453,0,404332056576,8589930496,4062666752,0
199,1779637913503,800,800,800,3000,800,2099,872,1408,800,800,942,800,800,1698,1069,800,100,0,0,0,0,0,0,0,0,0,0,0,0,0,0,0,60851.73114013672,246058.84796142578,0,404332056576,8589930496,4062666752,0
199,1779637913703,800,800,800,3000,800,2099,872,1408,800,800,942,800,800,1698,1069,800,90,0,0,0,0,0,0,5,0,0,4.761904716491699,0,0,5.263157844543457,0,0,60854.66711425781,246065.5044555664,0,404332056576,8589930496,4062666752,0
199,1779637913903,800,800,800,3000,800,2099,872,1408,800,800,942,800,800,1698,1069,800,0,0,0,0,0,0,0,0,5,0,0,0,0,0,95.23809814453125,0,60855.32879638672,246070.82696533203,0,404332056576,8589930496,4062666752,0
199,1779637914103,800,800,800,3000,800,2099,872,1408,800,800,942,800,800,1698,1069,800,0,0,0,0,0,0,0,0,0,0,0,0,0,0,100,0,60855.87579345703,246076.3349609375,0,404332056576,8589930496,4062666752,0
199,1779637914303,800,800,800,3000,800,2099,872,1408,800,800,942,800,800,1698,1069,800,0,0,0,0,0,0,0,0,0,0,0,0,0,0,100,0,60856.41906738281,246081.81365966797,0,404332056576,8589930496,4062666752,0
199,1779637914503,800,800,800,3000,800,2099,872,1408,800,800,942,800,800,1698,1069,800,0,0,0,0,0,0,0,0,0,0,0,0,0,0,100,0,60856.92041015625,246087.31378173828,0,404332056576,8589930496,4062666752,0
199,1779637914704,800,800,800,3000,800,2099,872,1408,800,800,942,800,800,1698,1069,800,0,0,0,0,0,0,0,0,0,0,0,0,0,0,100,0,60857.44348144531,246092.76696777344,0,404332056576,8589930496,4062408704,0
199,1779637914904,800,800,800,3000,800,2099,872,1408,800,800,942,800,800,1698,1069,800,0,0,0,0,0,0,0,0,0,0,0,0,0,0,100,0,60857.98028564453,246098.24884033203,0,404332056576,8589930496,4062408704,0
199,1779637915104,800,800,800,3000,800,2099,872,1408,800,800,942,800,800,1698,1069,800,0,0,0,0,0,0,0,0,0,0,0,0,0,0,100,0,60858.478454589844,246103.73205566406,0,404332056576,8589930496,4062408704,0
199,1779637915304,800,800,800,3000,800,2099,872,1408,800,800,942,800,800,1698,1069,800,0,0,0,0,0,0,0,0,0,0,0,0,0,0,100,0,60858.975341796875,246109.22326660156,0,404332056576,8589930496,4062408704,0
199,1779637915504,800,800,800,3000,800,2099,872,1408,800,800,942,800,800,1698,1069,800,0,0,0,0,0,0,0,0,0,0,0,0,0,0,100,0,60859.453369140625,246114.58367919922,0,404332056576,8589930496,4062408704,0
199,1779637915704,800,800,800,3000,800,2099,872,1408,800,800,942,800,800,1698,1069,800,0,0,0,0,0,0,0,0,0,0,0,0,0,0,100,0,60859.94201660156,246120.08197021484,0,404332056576,8589930496,4062408704,0
199,1779637915904,800,800,800,3000,800,2099,872,1408,800,800,942,800,800,1698,1069,800,0,0,0,0,0,0,0,0,0,0,0,0,0,0,100,0,60860.50817871094,246125.5834350586,0,404332056576,8589930496,4062408704,0
199,1779637916105,800,800,800,3000,800,2099,872,1408,800,800,942,800,800,1698,1069,800,0,0,0,0,0,0,0,0,0,0,0,0,0,0,100,0,60861.030700683594,246131.0453491211,0,404332056576,8589930496,4062408704,0
199,1779637916305,800,800,800,3000,800,2099,872,1408,800,800,942,800,800,1698,1069,800,0,0,0,0,0,0,0,0,0,0,0,0,0,0,100,0,60861.58728027344,246136.5362548828,0,404332056576,8589930496,4062408704,0
199,1779637916505,800,800,800,3000,800,2099,872,1408,800,800,942,800,800,1698,1069,800,0,0,0,0,0,0,0,0,0,0,0,0,0,0,100,0,60862.13366699219,246141.88671875,0,404332056576,8589930496,4062408704,0
199,1779637916705,800,800,800,3000,800,2099,872,1408,800,800,942,800,800,1698,1069,800,0,0,0,0,0,0,0,0,0,0,0,0,0,0,100,0,60862.61193847656,246147.21282958984,0,404332056576,8589930496,4062085120,0
199,1779637916905,800,800,800,3000,800,2099,872,1408,800,800,942,800,800,1698,1069,800,0,0,0,0,0,0,0,0,0,0,0,0,0,0,100,0,60863.10852050781,246152.54846191406,0,404332056576,8589930496,4062085120,0
199,1779637917105,800,800,800,3000,800,2099,872,1408,800,800,942,800,800,1698,1069,800,0,0,0,0,0,0,0,0,0,0,0,0,0,0,100,0,60863.561279296875,246157.8807373047,0,404332056576,8589930496,4061827072,0
199,1779637917305,800,800,800,3000,800,2099,872,1408,800,800,942,800,800,1698,1069,800,0,0,0,0,0,0,0,0,0,0,0,0,0,0,100,0,60864.03259277344,246163.20483398438,0,404332056576,8589930496,4061827072,0
199,1779637917506,800,800,800,3000,800,2099,872,1408,800,800,942,800,800,1698,1069,800,0,0,0,0,0,0,0,0,0,0,0,0,0,0,100,0,60864.511657714844,246168.53106689453,0,404332056576,8589930496,4061827072,0
199,1779637917706,800,800,800,3000,800,2099,872,1408,800,800,942,800,800,1698,1069,800,0,0,0,0,0,0,0,0,0,0,0,0,0,0,100,0,60865.032653808594,246173.85388183594,0,404332056576,8589930496,4061827072,0
199,1779637917906,800,800,800,3000,800,2099,872,1408,800,800,942,800,800,1698,1069,800,0,0,0,0,0,0,0,0,0,0,0,0,0,0,100,0,60865.56677246094,246179.20263671875,0,404332056576,8589930496,4061827072,0
199,1779637918106,800,800,800,3000,800,2099,872,1408,800,800,942,800,800,1698,1069,800,0,0,0,0,0,0,0,0,0,0,0,0,0,0,100,0,60866.090881347656,246184.53631591797,0,404332056576,8589930496,4061810688,0
199,1779637918306,800,800,800,3000,800,2099,872,1408,800,800,942,800,800,1698,1069,800,0,0,0,0,0,0,0,0,0,0,4.761904716491699,0,0,0,100,0,60866.610412597656,246189.87115478516,0,404332056576,8589930496,4061810688,0
199,1779637918506,800,800,800,3000,800,2099,872,1408,800,800,942,800,800,1698,1069,800,0,0,0,0,0,0,0,0,0,0,0,0,0,0,100,0,60867.10595703125,246195.19659423828,0,404332056576,8589930496,4061810688,0
199,1779637918706,800,800,800,3000,800,2099,872,1408,800,800,942,800,800,1698,1069,800,0,0,0,0,0,0,0,0,0,0,4.761904716491699,0,0,0,100,0,60867.59979248047,246200.5225830078,0,404332056576,8589930496,4061810688,0
199,1779637918906,800,800,800,3000,800,2099,872,1408,800,800,942,800,800,1698,1069,800,0,0,0,0,0,0,0,0,0,0,0,0,0,0,100,0,60868.13543701172,246205.8603515625,0,404332056576,8589930496,4061749248,0
199,1779637919107,800,800,800,3000,800,2099,872,1408,800,800,942,800,800,1698,1069,800,0,0,0,0,0,0,0,0,0,0,0,0,0,0,100,0,60868.61151123047,246211.18920898438,0,404332056576,8589930496,4061749248,0
199,1779637919307,800,800,800,3000,800,2099,872,1408,800,800,942,800,800,1698,1069,800,0,0,0,0,0,0,0,0,0,0,0,0,0,0,100,0,60869.124755859375,246216.52655029297,0,404332056576,8589930496,4061749248,0
199,1779637919507,800,800,800,3000,800,2099,872,1408,800,800,942,800,800,1698,1069,800,0,0,0,0,0,0,0,0,0,0,0,0,0,0,100,0,60869.580139160156,246221.86108398438,0,404332056576,8589930496,4061749248,0
199,1779637919707,800,800,800,3000,800,2099,872,1408,800,800,942,800,800,1698,1069,800,60.000003814697266,0,0,0,0,0,0,10,0,0,0,0,0,0,20,0,60871.54821777344,246228.02905273438,0,404332056576,8589930496,4053233664,0
199,1779637919907,800,800,800,3000,800,2099,872,1408,800,800,942,800,800,1698,1069,800,100,0,0,0,0,0,0,0,0,0,0,0,0,0,0,0,60874.47619628906,246234.97442626953,0,404332056576,8589930496,4053233664,0
199,1779637920107,800,800,800,3000,800,2099,872,1408,800,800,942,800,800,1698,1069,800,100,0,0,0,0,0,0,0,0,0,0,0,0,0,0,0,60877.37469482422,246241.91619873047,0,404332056576,8589930496,4053233664,0
199,1779637920307,800,800,800,3000,800,2099,872,1408,800,800,942,800,800,1698,1069,800,100,0,0,0,0,0,0,0,0,0,0,0,0,0,0,0,60880.245849609375,246248.8540649414,0,404332056576,8589930496,4053233664,0
199,1779637920507,800,800,800,3000,800,2099,872,1408,800,800,942,800,800,1698,1069,800,100,0,0,0,0,0,0,0,0,0,0,0,0,0,0,0,60883.15673828125,246255.78594970703,0,404332056576,8589930496,4052975616,0
199,1779637920708,800,800,800,3000,800,2099,872,1408,800,800,942,800,800,1698,1069,800,100,0,0,0,0,0,0,0,0,0,0,0,0,0,0,0,60886.06121826172,246262.72064208984,0,404332056576,8589930496,4052975616,0
199,1779637920908,800,800,800,3000,800,2099,872,1408,800,800,942,800,800,1698,1069,800,100,0,0,0,0,0,0,0,0,0,0,0,0,0,0,0,60889.00799560547,246269.65661621094,0,404332056576,8589930496,4052975616,0
199,1779637921108,800,800,800,3000,800,2099,872,1408,800,800,942,800,800,1698,1069,800,100,0,0,0,0,0,0,0,0,0,0,0,0,0,0,0,60891.930603027344,246276.58630371094,0,404332056576,8589930496,4052975616,0
199,1779637921308,800,800,800,3000,800,2099,872,1408,800,800,942,800,800,1698,1069,800,100,0,0,0,0,0,0,0,0,0,0,0,0,0,0,0,60894.80712890625,246283.51049804688,0,404332056576,8589930496,4052975616,0
199,1779637921508,800,800,800,3000,800,2099,872,1408,800,800,942,800,800,1698,1069,800,100,0,0,0,0,0,0,0,0,0,0,0,0,0,0,0,60897.667419433594,246290.3803100586,0,404332056576,8589930496,4052975616,0
199,1779637921708,800,800,800,3000,800,2099,872,1408,800,800,942,800,800,1698,1069,800,100,0,0,0,0,0,0,0,0,0,0,0,0,0,0,0,60900.55499267578,246297.3172607422,0,404332056576,8589930496,4052975616,0
199,1779637921908,800,800,800,3000,800,2099,872,1408,800,800,942,800,800,1698,1069,800,100,0,0,0,0,0,0,0,0,0,0,0,0,0,0,0,60903.441650390625,246304.2691040039,0,404332056576,8589930496,4052975616,0
199,1779637922108,800,800,800,3000,800,2099,872,1408,800,800,942,800,800,1698,1069,800,100,0,0,0,0,0,0,0,0,0,0,0,0,0,0,0,60906.314514160156,246311.2172241211,0,404332056576,8589930496,4052975616,0
199,1779637922309,800,800,800,3000,800,2099,872,1408,800,800,942,800,800,1698,1069,800,100,0,0,0,0,0,0,0,0,0,0,0,0,0,0,0,60909.20593261719,246318.16497802734,0,404332056576,8589930496,4052975616,0
199,1779637922509,800,800,800,3000,800,2099,872,1408,800,800,942,800,800,1698,1069,800,100,0,0,0,0,0,0,0,0,0,0,0,0,0,0,0,60912.09338378906,246325.11248779297,0,404332056576,8589930496,4052975616,0
199,1779637922709,800,800,800,3000,800,2099,872,1408,800,800,942,800,800,1698,1069,800,100,0,0,0,0,0,0,0,0,0,0,0,0,0,0,0,60914.99041748047,246331.89715576172,0,404332056576,8589930496,4052975616,0
199,1779637922909,800,800,800,3000,800,2099,872,1408,800,800,942,800,800,1698,1069,800,100,0,0,0,0,0,0,0,0,0,0,0,0,0,0,0,60917.92791748047,246338.6455078125,0,404332056576,8589930496,4052975616,0
199,1779637923109,800,800,800,3000,800,2099,872,1408,800,800,942,800,800,1698,1069,800,100,0,0,0,0,0,0,0,0,0,0,0,0,0,0,0,60920.82891845703,246345.3670654297,0,404332056576,8589930496,4052975616,0
199,1779637923309,800,800,800,3000,800,2099,872,1408,800,800,942,800,800,1698,1069,800,100,0,0,0,0,0,0,0,0,0,0,0,0,0,0,0,60923.71911621094,246352.10638427734,0,404332056576,8589930496,4052975616,0
199,1779637923509,800,800,800,3000,800,2099,872,1408,800,800,942,800,800,1698,1069,800,100,0,0,0,0,0,0,0,0,0,0,0,0,0,0,0,60926.606994628906,246358.8480834961,0,404332056576,8589930496,4052975616,0
199,1779637923710,800,800,800,3000,800,2099,872,1408,800,800,942,800,800,1698,1069,800,100,0,0,0,0,0,0,0,0,0,0,0,0,0,0,0,60929.472229003906,246365.5916748047,0,404332056576,8589930496,4052975616,0
199,1779637923910,800,800,800,3000,800,2099,872,1408,800,800,942,800,800,1698,1069,800,100,0,0,0,0,0,0,0,0,0,0,0,0,0,0,0,60932.331481933594,246372.3335571289,0,404332056576,8589930496,4052975616,0
199,1779637924110,800,800,800,3000,800,2099,872,1408,800,800,942,800,800,1698,1069,800,100,0,0,0,0,0,0,0,0,0,0,0,0,0,0,0,60935.178466796875,246379.07537841797,0,404332056576,8589930496,4052975616,0
199,1779637924310,800,800,800,3000,800,2099,872,1408,800,800,942,800,800,1698,1069,800,100,0,0,0,0,0,0,0,0,0,0,0,0,0,0,0,60938.059631347656,246385.81274414063,0,404332056576,8589930496,4052975616,0
199,1779637924510,800,800,800,3000,800,2099,872,1408,800,800,942,800,800,1698,1069,800,100,0,0,0,0,0,0,0,0,4.761904716491699,0,0,0,0,0,0,60940.951904296875,246392.54956054688,0,404332056576,8589930496,4052975616,0
199,1779637924710,800,800,800,3000,800,2099,872,1408,800,800,942,800,800,1698,1069,800,100,0,0,0,0,0,0,0,0,4.761904716491699,0,0,0,0,0,0,60943.85412597656,246399.28485107422,0,404332056576,8589930496,4052975616,0
199,1779637924910,800,800,800,3000,800,2099,872,1408,800,800,942,800,800,1698,1069,800,100,0,0,0,0,0,0,0,0,0,0,0,0,0,0,0,60946.77423095703,246406.02410888672,0,404332056576,8589930496,4052975616,0
199,1779637925110,800,800,800,3000,800,2099,872,1408,800,800,942,800,800,1698,1069,800,100,0,0,0,0,0,0,0,0,0,0,0,0,0,0,0,60949.70147705078,246412.7607421875,0,404332056576,8589930496,4052717568,0
199,1779637925311,800,800,800,3000,800,2099,872,1408,800,800,942,800,800,1698,1069,800,100,0,0,0,0,0,0,0,0,0,0,0,0,0,0,0,60952.57141113281,246419.4578857422,0,404332056576,8589930496,4052717568,0
199,1779637925511,800,800,800,3000,800,2099,872,1408,800,800,942,800,800,1698,1069,800,52.38095474243164,10,0,0,0,25,0,0,0,0,0,0,0,0,0,0,60954.75469970703,246425.54467773438,0,404332056576,8589930496,4047695872,0
199,1779637925711,800,800,800,3000,800,2099,872,1408,800,800,942,800,800,1698,1069,800,0,0,0,0,0,100,0,0,0,0,0,0,0,0,0,0,60955.32147216797,246431.0415649414,0,404332056576,8589930496,4047695872,0
199,1779637925911,800,800,800,3000,800,2099,872,1408,800,800,942,800,800,1698,1069,800,0,0,0,0,0,100,0,0,0,0,0,0,0,0,0,0,60955.820739746094,246436.5082397461,0,404332056576,8589930496,4047519744,0
199,1779637926111,800,800,800,3000,800,2099,872,1408,800,800,942,800,800,1698,1069,800,0,0,0,0,0,100,0,0,0,0,0,0,0,0,0,0,60956.28125,246441.85180664063,0,404332056576,8589930496,4047519744,0
199,1779637926311,800,800,800,3000,800,2099,872,1408,800,800,942,800,800,1698,1069,800,0,0,0,0,0,100,0,0,0,0,0,0,0,0,0,0,60956.77947998047,246447.32208251953,0,404332056576,8589930496,4047519744,0
199,1779637926511,800,800,800,3000,800,2099,872,1408,800,800,942,800,800,1698,1069,800,0,0,0,0,0,100,0,0,0,0,0,0,0,0,0,0,60957.30725097656,246452.82415771484,0,404332056576,8589930496,4047519744,0
199,1779637926711,800,800,800,3000,800,2099,872,1408,800,800,942,800,800,1698,1069,800,0,0,0,0,0,100,0,0,0,0,0,0,0,0,0,0,60957.806091308594,246458.1866455078,0,404332056576,8589930496,4047261696,0
199,1779637926912,800,800,800,3000,800,2099,872,1408,800,800,942,800,800,1698,1069,800,4.761904716491699,0,0,0,0,100,0,0,0,0,0,0,0,0,0,0,60958.33953857422,246463.66510009766,0,404332056576,8589930496,4047261696,0
199,1779637927112,800,800,800,3000,800,2099,872,1408,800,800,942,800,800,1698,1069,800,0,0,0,0,0,100,0,0,0,0,0,0,0,0,0,0,60958.78155517578,246469.00213623047,0,404332056576,8589930496,4047261696,0
199,1779637927312,800,800,800,3000,800,2099,872,1408,800,800,942,800,800,1698,1069,800,0,0,0,0,0,100,0,0,0,0,0,0,0,0,0,0,60959.281005859375,246474.34399414063,0,404332056576,8589930496,4047261696,0
199,1779637927512,800,800,800,3000,800,2099,872,1408,800,800,942,800,800,1698,1069,800,0,0,0,0,0,100,0,0,0,0,0,0,0,0,0,0,60959.84411621094,246479.77642822266,0,404332056576,8589930496,4047261696,0
199,1779637927712,800,800,800,3000,800,2099,872,1408,800,800,942,800,800,1698,1069,800,0,0,0,0,0,100,0,0,0,0,0,0,0,0,0,0,60960.331787109375,246485.25262451172,0,404332056576,8589930496,4047261696,0
199,1779637927912,800,800,800,3000,800,2099,872,1408,800,800,942,800,800,1698,1069,800,0,0,0,0,0,100,0,0,0,0,0,0,0,0,0,0,60960.84973144531,246490.74908447266,0,404332056576,8589930496,4047261696,0
199,1779637928112,800,800,800,3000,800,2099,872,1408,800,800,942,800,800,1698,1069,800,0,0,0,0,0,100,0,0,0,0,0,0,0,0,0,0,60961.342041015625,246496.263671875,0,404332056576,8589930496,4047261696,0
199,1779637928313,800,800,800,3000,800,2099,872,1408,800,800,942,800,800,1698,1069,800,0,0,0,0,0,100,0,0,0,0,0,0,0,0,0,0,60961.860900878906,246501.59173583984,0,404332056576,8589930496,4047261696,0
199,1779637928513,800,800,800,3000,800,2099,872,1408,800,800,942,800,800,1698,1069,800,0,0,0,0,0,100,0,0,0,0,0,0,0,0,0,0,60962.33477783203,246506.9278564453,0,404332056576,8589930496,4047261696,0
199,1779637928713,800,800,800,3000,800,2099,872,1408,800,800,942,800,800,1698,1069,800,0,0,0,0,0,100,0,0,0,0,0,0,0,0,0,0,60962.80889892578,246512.25665283203,0,404332056576,8589930496,4047261696,0
199,1779637928913,800,800,800,3000,800,2099,872,1408,800,800,942,800,800,1698,1069,800,0,0,0,0,0,100,0,0,0,0,0,0,0,0,0,0,60963.305236816406,246517.59747314453,0,404332056576,8589930496,4047261696,0
199,1779637929113,800,800,800,3000,800,2099,872,1408,800,800,942,800,800,1698,1069,800,0,0,0,0,0,100,0,0,0,0,0,0,0,0,0,0,60963.771911621094,246522.93713378906,0,404332056576,8589930496,4047261696,0
199,1779637929313,800,800,800,3000,800,2099,872,1408,800,800,942,800,800,1698,1069,800,0,0,0,0,0,100,0,0,0,5,0,0,0,0,0,0,60964.252380371094,246528.2830810547,0,404332056576,8589930496,4047261696,0
199,1779637929513,800,800,800,3000,800,2099,872,1408,800,800,942,800,800,1698,1069,800,0,0,0,0,0,100,0,0,0,0,0,0,0,0,0,0,60964.71252441406,246533.62646484375,0,404332056576,8589930496,4047261696,0
199,1779637929713,800,800,800,3000,800,2099,872,1408,800,800,942,800,800,1698,1069,800,0,0,0,0,0,100,0,0,0,0,0,0,0,0,0,0,60965.142333984375,246538.96655273438,0,404332056576,8589930496,4047003648,0
199,1779637929914,800,800,800,3000,800,2099,872,1408,800,800,942,800,800,1698,1069,800,0,0,0,0,0,100,0,0,0,0,0,0,0,0,0,0,60965.65222167969,246544.31567382813,0,404332056576,8589930496,4047003648,0
199,1779637930114,800,800,800,3000,800,2099,872,1408,800,800,942,800,800,1698,1069,800,0,0,0,0,0,100,0,0,0,0,0,0,0,0,0,0,60966.149963378906,246549.65625,0,404332056576,8589930496,4047003648,0
199,1779637930314,800,800,800,3000,800,2099,872,1408,800,800,942,800,800,1698,1069,800,0,0,0,0,0,100,0,0,0,0,0,0,0,0,0,0,60966.61315917969,246555.001953125,0,404332056576,8589930496,4047003648,0
199,1779637930514,800,800,800,3000,800,2099,872,1408,800,800,942,800,800,1698,1069,800,0,0,0,0,0,100,0,0,0,0,0,0,0,0,0,0,60967.11022949219,246560.36810302734,0,404332056576,8589930496,4047003648,0
199,1779637930714,800,800,800,3000,800,2099,872,1408,800,800,942,800,800,1698,1069,800,0,0,0,0,0,100,0,0,0,0,0,0,0,0,0,0,60967.602600097656,246565.6865234375,0,404332056576,8589930496,4046745600,0
199,1779637930914,800,800,800,3000,800,2099,872,1408,800,800,942,800,800,1698,1069,800,0,0,0,0,0,100,0,0,0,0,0,0,0,0,0,0,60968.14831542969,246571.19409179688,0,404332056576,8589930496,4046745600,0
199,1779637931114,800,800,800,3000,800,2099,872,1408,800,800,942,800,800,1698,1069,800,0,0,0,0,0,100,0,0,0,0,0,0,0,0,0,0,60968.621154785156,246576.53100585938,0,404332056576,8589930496,4046745600,0
199,1779637931315,800,800,800,3000,800,2099,872,1408,800,800,942,800,800,1698,1069,800,0,0,0,0,0,70,0,5.263157844543457,5,0,0,0,0,0,15.000000953674316,0,60969.44030761719,246581.88537597656,0,404332056576,8589930496,4044046336,0
199,1779637931515,800,800,800,3000,800,2099,872,1408,800,800,942,800,800,1698,1069,800,0,0,0,0,0,0,0,0,0,0,0,0,0,0,100,0,60969.91979980469,246587.2305908203,0,404332056576,8589930496,4044046336,0
199,1779637931715,800,800,800,3000,800,2099,872,1408,800,800,942,800,800,1698,1069,800,0,0,0,0,0,0,0,0,0,0,0,0,0,0,100,0,60970.414794921875,246592.5634765625,0,404332056576,8589930496,4044046336,0
199,1779637931915,800,800,800,3000,800,2099,872,1408,800,800,942,800,800,1698,1069,800,0,0,0,0,0,0,0,0,0,0,0,0,0,0,100,0,60970.859375,246597.9273071289,0,404332056576,8589930496,4044046336,0
199,1779637932115,800,800,800,3000,800,2099,872,1408,800,800,942,800,800,1698,1069,800,0,0,0,0,0,0,0,0,0,0,0,0,0,0,100,0,60971.355224609375,246603.27893066406,0,404332056576,8589930496,4044046336,0
199,1779637932315,800,800,800,3000,800,2099,872,1408,800,800,942,800,800,1698,1069,800,0,0,0,0,0,0,0,0,0,0,0,0,0,0,100,0,60971.824951171875,246608.62872314453,0,404332056576,8589930496,4044046336,0
199,1779637932515,800,800,800,3000,800,2099,872,1408,800,800,942,800,800,1698,1069,800,0,0,0,0,0,0,0,0,0,0,0,0,0,0,100,0,60972.28399658203,246613.9810180664,0,404332056576,8589930496,4044046336,0
199,1779637932715,800,800,800,3000,800,2099,872,1408,800,800,942,800,800,1698,1069,800,0,0,0,0,0,0,0,0,0,0,0,0,0,0,100,0,60972.75158691406,246619.33850097656,0,404332056576,8589930496,4044046336,0
199,1779637932916,800,800,800,3000,800,2099,872,1408,800,800,942,800,800,1698,1069,800,0,0,0,0,0,0,0,0,0,0,0,0,0,0,100,0,60973.22869873047,246624.68048095703,0,404332056576,8589930496,4044046336,0
199,1779637933116,800,800,800,3000,800,2099,872,1408,800,800,942,800,800,1698,1069,800,0,0,0,0,0,0,0,0,0,0,0,0,0,0,100,0,60973.67858886719,246630.0186767578,0,404332056576,8589930496,4044046336,0
199,1779637933316,800,800,800,3000,800,2099,872,1408,800,800,942,800,800,1698,1069,800,0,0,0,0,0,0,0,0,0,0,0,0,0,0,100,0,60974.16192626953,246635.3628540039,0,404332056576,8589930496,4044046336,0
199,1779637933516,800,800,800,3000,800,2099,872,1408,800,800,942,800,800,1698,1069,800,4.761904716491699,0,0,0,0,0,0,0,0,0,0,0,0,0,100,0,60974.641174316406,246640.71014404297,0,404332056576,8589930496,4044046336,0
199,1779637933716,800,800,800,3000,800,2099,872,1408,800,800,942,800,800,1698,1069,800,0,0,0,0,0,0,0,0,0,0,0,0,0,0,100,0,60975.10546875,246646.0590209961,0,404332056576,8589930496,4044046336,0
199,1779637933916,800,800,800,3000,800,2099,872,1408,800,800,942,800,800,1698,1069,800,0,0,0,0,0,0,0,0,0,0,0,0,0,0,100,0,60975.58459472656,246651.40997314453,0,404332056576,8589930496,4044029952,0
199,1779637934116,800,800,800,3000,800,2099,872,1408,800,800,942,800,800,1698,1069,800,0,0,0,0,0,0,0,0,0,0,0,0,0,0,100,0,60976.045166015625,246656.7553100586,0,404332056576,8589930496,4044029952,0
199,1779637934316,800,800,800,3000,800,2099,872,1408,800,800,942,800,800,1698,1069,800,0,0,0,0,0,0,0,0,0,0,0,0,0,0,100,0,60976.511169433594,246662.0958251953,0,404332056576,8589930496,4044029952,0
199,1779637934517,800,800,800,3000,800,2099,872,1408,800,800,942,800,800,1698,1069,800,0,0,0,0,0,0,0,0,0,0,0,0,0,0,100,0,60976.96905517578,246667.4312133789,0,404332056576,8589930496,4044029952,0
199,1779637934717,800,800,800,3000,800,2099,872,1408,800,800,942,800,800,1698,1069,800,0,0,0,0,0,0,0,0,0,0,0,0,0,0,100,0,60977.46179199219,246672.84490966797,0,404332056576,8589930496,4043771904,0
199,1779637934917,800,800,800,3000,800,2099,872,1408,800,800,942,800,800,1698,1069,800,0,0,0,0,0,0,0,0,0,0,0,0,0,0,100,0,60977.97009277344,246678.18713378906,0,404332056576,8589930496,4043771904,0
199,1779637935117,800,800,800,3000,800,2099,872,1408,800,800,942,800,800,1698,1069,800,0,0,0,0,0,0,0,0,0,0,0,0,0,0,100,0,60978.448303222656,246683.5230102539,0,404332056576,8589930496,4043771904,0
199,1779637935317,800,800,800,3000,800,2099,872,1408,800,800,942,800,800,1698,1069,800,0,0,0,0,0,0,0,0,0,0,0,0,0,0,100,0,60978.95593261719,246688.86486816406,0,404332056576,8589930496,4043771904,0
199,1779637935517,800,800,800,3000,800,2099,872,1408,800,800,942,800,800,1698,1069,800,0,0,0,0,0,0,0,0,0,0,0,0,0,0,100,0,60979.49816894531,246694.20977783203,0,404332056576,8589930496,4043771904,0
199,1779637935717,800,800,800,3000,800,2099,872,1408,800,800,942,800,800,1698,1069,800,0,0,0,0,0,0,0,0,0,0,0,0,0,0,100,0,60979.96520996094,246699.55072021484,0,404332056576,8589930496,4043771904,0
199,1779637935918,800,800,800,3000,800,2099,872,1408,800,800,942,800,800,1698,1069,800,0,4.761904716491699,0,0,0,0,0,0,0,0,0,0,0,0,100,0,60980.427001953125,246704.89428710938,0,404332056576,8589930496,4043771904,0
199,1779637936118,800,800,800,3000,800,2099,872,1408,800,800,942,800,800,1698,1069,800,0,0,0,0,0,0,0,0,0,0,0,0,0,0,100,0,60980.89953613281,246710.23205566406,0,404332056576,8589930496,4043771904,0
199,1779637936318,800,800,800,3000,800,2099,872,1408,800,800,942,800,800,1698,1069,800,0,0,0,0,0,0,0,0,0,0,0,0,0,0,100,0,60981.35107421875,246715.57360839844,0,404332056576,8589930496,4043771904,0
199,1779637936518,800,800,800,3000,800,2099,872,1408,800,800,942,800,800,1698,1069,800,0,0,0,0,0,0,0,0,0,0,0,0,0,0,100,0,60981.768127441406,246720.9164428711,0,404332056576,8589930496,4043771904,0
199,1779637936718,800,800,800,3000,800,2099,872,1408,800,800,942,800,800,1698,1069,800,0,0,0,0,0,0,0,0,0,0,0,0,0,0,100,0,60982.19366455078,246726.26440429688,0,404332056576,8589930496,4043513856,0
199,1779637936918,800,800,800,3000,800,2099,872,1408,800,800,942,800,800,1698,1069,800,4.761904716491699,0,0,0,0,0,0,0,0,0,0,0,0,0,100,0,60982.634338378906,246731.60833740234,0,404332056576,8589930496,4043513856,0
199,1779637937118,800,800,800,3000,800,2099,872,1408,800,800,942,800,800,1698,1069,800,0,0,0,0,0,0,0,0,0,0,0,0,0,0,95,0,60983.13439941406,246736.97973632813,0,404332056576,8589930496,4043513856,0
199,1779637937318,800,800,800,3000,800,2099,872,1408,800,800,942,800,800,1698,1069,800,80,0,0,0,0,0,0,0,0,0,0,0,0,0,5,5,60985.29864501953,246743.18426513672,0,404332056576,8589930496,4045836288,0
199,1779637937519,800,800,800,3000,800,2099,872,1408,800,800,942,800,800,1698,1069,800,100,0,0,0,0,0,0,0,0,0,0,0,0,0,0,0,60988.16979980469,246749.92974853516,0,404332056576,8589930496,4045836288,0
199,1779637937719,800,800,800,3000,800,2099,872,1408,800,800,942,800,800,1698,1069,800,100,0,0,0,0,0,0,0,0,0,0,0,0,0,0,0,60991.04699707031,246756.6768798828,0,404332056576,8589930496,4045832192,0
199,1779637937919,800,800,800,3000,800,2099,872,1408,800,800,942,800,800,1698,1069,800,100,0,0,0,0,0,0,0,0,0,0,0,0,0,0,0,60993.91394042969,246763.4190673828,0,404332056576,8589930496,4045832192,0
199,1779637938119,800,800,800,3000,800,2099,872,1408,800,800,942,800,800,1698,1069,800,100,0,0,0,0,0,0,0,0,0,0,0,0,0,0,0,60996.74658203125,246770.16088867188,0,404332056576,8589930496,4045832192,0
199,1779637938319,800,800,800,3000,800,2099,872,1408,800,800,942,800,800,1698,1069,800,100,0,0,0,0,0,0,0,0,0,0,0,0,0,0,0,60999.61486816406,246776.89874267578,0,404332056576,8589930496,4045832192,0
199,1779637938519,800,800,800,3000,800,2099,872,1408,800,800,942,800,800,1698,1069,800,100,0,0,0,0,0,0,0,0,0,0,0,0,0,0,0,61002.497131347656,246783.64233398438,0,404332056576,8589930496,4045832192,0
199,1779637938719,800,800,800,3000,800,2099,872,1408,800,800,942,800,800,1698,1069,800,100,0,0,0,0,0,0,0,0,0,0,0,0,0,0,0,61005.35321044922,246790.3837890625,0,404332056576,8589930496,4045832192,0
199,1779637938919,800,800,800,3000,800,2099,872,1408,800,800,942,800,800,1698,1069,800,100,0,0,0,0,0,0,0,0,0,0,0,0,0,0,0,61008.261962890625,246797.12786865234,0,404332056576,8589930496,4045832192,0
199,1779637939120,800,800,800,3000,800,2099,872,1408,800,800,942,800,800,1698,1069,800,100,0,0,0,0,0,0,0,0,0,0,0,0,0,0,0,61011.17590332031,246803.8787841797,0,404332056576,8589930496,4045832192,0
199,1779637939320,800,800,800,3000,800,2099,872,1408,800,800,942,800,800,1698,1069,800,100,0,0,0,0,0,0,0,0,0,0,0,0,0,0,0,61014.031494140625,246810.59271240234,0,404332056576,8589930496,4045832192,0
199,1779637939520,800,800,800,3000,800,2099,872,1408,800,800,942,800,800,1698,1069,800,100,0,0,0,0,0,0,0,0,0,0,0,0,0,0,0,61016.90020751953,246817.34411621094,0,404332056576,8589930496,4045832192,0
199,1779637939720,800,800,800,3000,800,2099,872,1408,800,800,942,800,800,1698,1069,800,100,0,0,0,0,0,0,0,0,0,0,0,0,0,0,0,61019.75207519531,246824.08947753906,0,404332056576,8589930496,4045832192,0
199,1779637939920,800,800,800,3000,800,2099,872,1408,800,800,942,800,800,1698,1069,800,100,0,0,0,0,0,0,0,0,0,0,0,0,0,0,0,61022.61444091797,246830.8392944336,0,404332056576,8589930496,4045832192,0
199,1779637940120,800,800,800,3000,800,2099,872,1408,800,800,942,800,800,1698,1069,800,100,0,0,0,0,0,0,0,0,0,0,0,0,0,0,0,61025.53369140625,246837.5844116211,0,404332056576,8589930496,4045832192,0
199,1779637940320,800,800,800,3000,800,2099,872,1408,800,800,942,800,800,1698,1069,800,100,0,0,0,0,0,0,0,0,0,0,0,0,0,0,0,61028.46417236328,246844.32440185547,0,404332056576,8589930496,4045832192,0
199,1779637940520,800,800,800,3000,800,2099,872,1408,800,800,942,800,800,1698,1069,800,100,0,0,0,0,0,0,0,0,0,0,0,0,0,0,0,61031.33337402344,246851.05908203125,0,404332056576,8589930496,4045832192,0
199,1779637940721,800,800,800,3000,800,2099,872,1408,800,800,942,800,800,1698,1069,800,100,0,0,0,0,0,0,0,0,0,0,0,0,0,0,0,61034.218811035156,246857.80517578125,0,404332056576,8589930496,4045832192,0
199,1779637940921,800,800,800,3000,800,2099,872,1408,800,800,942,800,800,1698,1069,800,100,0,0,0,0,0,0,0,0,0,0,0,0,0,0,0,61037.098205566406,246864.54364013672,0,404332056576,8589930496,4045832192,0
199,1779637941121,800,800,800,3000,800,2099,872,1408,800,800,942,800,800,1698,1069,800,100,0,0,0,0,0,0,0,0,0,0,0,0,0,0,0,61039.96228027344,246871.29071044922,0,404332056576,8589930496,4045832192,0
199,1779637941321,800,800,800,3000,800,2099,872,1408,800,800,942,800,800,1698,1069,800,100,0,0,0,0,0,0,0,0,0,0,0,0,0,0,0,61042.860290527344,246878.02716064453,0,404332056576,8589930496,4045832192,0
199,1779637941521,800,800,800,3000,800,2099,872,1408,800,800,942,800,800,1698,1069,800,100,0,0,0,0,0,0,0,0,0,9.090909004211426,0,0,0,0,0,61045.741760253906,246884.7703857422,0,404332056576,8589930496,4045832192,0
199,1779637941721,800,800,800,3000,800,2099,872,1408,800,800,942,800,800,1698,1069,800,100,0,0,0,0,0,0,0,0,0,0,0,0,0,0,0,61048.6552734375,246891.5092163086,0,404332056576,8589930496,4045832192,0
199,1779637941921,800,800,800,3000,800,2099,872,1408,800,800,942,800,800,1698,1069,800,100,0,0,0,0,0,0,0,0,0,0,0,0,0,0,0,61051.581604003906,246898.2431640625,0,404332056576,8589930496,4045832192,0
199,1779637942121,800,800,800,3000,800,2099,872,1408,800,800,942,800,800,1698,1069,800,100,0,0,0,0,0,0,0,0,0,0,0,0,0,0,0,61054.458557128906,246904.9835205078,0,404332056576,8589930496,4045832192,0
199,1779637942322,800,800,800,3000,800,2099,872,1408,800,800,942,800,800,1698,1069,800,100,0,0,0,0,0,0,0,0,0,0,0,0,4.761904716491699,0,0,61057.370361328125,246911.7314453125,0,404332056576,8589930496,4045832192,0
199,1779637942522,800,800,800,3000,800,2099,872,1408,800,800,942,800,800,1698,1069,800,100,0,0,0,0,0,0,0,0,0,0,0,0,0,0,0,61060.2744140625,246918.47137451172,0,404332056576,8589930496,4045574144,0
199,1779637942722,800,800,800,3000,800,2099,872,1408,800,800,942,800,800,1698,1069,800,100,0,0,0,0,0,0,0,0,0,0,0,0,0,0,0,61063.163024902344,246925.21258544922,0,404332056576,8589930496,4045574144,0
199,1779637942922,800,800,800,3000,800,2099,872,1408,800,800,942,800,800,1698,1069,800,100,0,0,0,0,0,0,0,0,0,0,0,0,0,0,0,61066.05798339844,246931.95135498047,0,404332056576,8589930496,4045574144,0
199,1779637943122,800,800,800,3000,800,2099,872,1408,800,800,942,800,800,1698,1069,800,28.571430206298828,10,0,0,0,0,0,4.761904716491699,0,0,0,0,0,0,52.38095474243164,0,61067.690856933594,246937.78051757813,0,404332056576,8589930496,4049399808,0
199,1779637943322,800,800,800,3000,800,2099,872,1408,800,800,942,800,800,1698,1069,800,0,0,0,0,0,0,0,0,0,0,0,0,0,0,100,0,61068.19757080078,246943.29486083984,0,404332056576,8589930496,4049399808,0
199,1779637943522,800,800,800,3000,800,2099,872,1408,800,800,942,800,800,1698,1069,800,0,0,0,0,0,0,0,0,0,0,0,0,0,0,100,0,61068.78369140625,246948.8002319336,0,404332056576,8589930496,4049399808,0
199,1779637943723,800,800,800,3000,800,2099,872,1408,800,800,942,800,800,1698,1069,800,0,0,0,0,0,0,0,0,0,0,0,0,0,0,100,0,61069.24920654297,246954.2827758789,0,404332056576,8589930496,4049399808,0
199,1779637943923,800,800,800,3000,800,2099,872,1408,800,800,942,800,800,1698,1069,800,0,0,0,0,0,0,0,0,0,0,0,0,0,0,100,0,61069.78869628906,246959.7041015625,0,404332056576,8589930496,4049383424,0
199,1779637944123,800,800,800,3000,800,2099,872,1408,800,800,942,800,800,1698,1069,800,0,0,0,0,0,0,0,0,0,0,0,0,0,0,100,0,61070.312438964844,246965.22399902344,0,404332056576,8589930496,4049383424,0
199,1779637944323,800,800,800,3000,800,2099,872,1408,800,800,942,800,800,1698,1069,800,0,0,0,0,0,0,0,0,0,0,0,0,0,0,100,0,61070.840087890625,246970.75128173828,0,404332056576,8589930496,4049383424,0
199,1779637944523,800,800,800,3000,800,2099,872,1408,800,800,942,800,800,1698,1069,800,0,0,0,0,0,0,0,0,0,0,0,0,0,0,100,0,61071.38836669922,246976.27325439453,0,404332056576,8589930496,4049383424,0
199,1779637944723,800,800,800,3000,800,2099,872,1408,800,800,942,800,800,1698,1069,800,0,0,0,0,0,0,0,0,0,0,0,0,0,0,100,0,61071.92907714844,246981.78936767578,0,404332056576,8589930496,4049383424,0
199,1779637944923,800,800,800,3000,800,2099,872,1408,800,800,942,800,800,1698,1069,800,0,0,0,0,0,0,0,0,0,0,0,0,0,0,100,0,61072.474182128906,246987.2569580078,0,404332056576,8589930496,4049383424,0
199,1779637945123,800,800,800,3000,800,2099,872,1408,800,800,942,800,800,1698,1069,800,0,0,0,0,0,0,0,0,0,0,0,0,0,0,100,0,61072.98962402344,246992.75189208984,0,404332056576,8589930496,4049383424,0
199,1779637945324,800,800,800,3000,800,2099,872,1408,800,800,942,800,800,1698,1069,800,0,0,0,0,0,0,0,0,0,0,0,0,0,0,100,0,61073.455139160156,246998.1329345703,0,404332056576,8589930496,4049383424,0
199,1779637945524,800,800,800,3000,800,2099,872,1408,800,800,942,800,800,1698,1069,800,0,0,0,0,0,0,0,0,0,0,0,0,0,0,100,0,61073.923889160156,247003.45037841797,0,404332056576,8589930496,4049383424,0
199,1779637945724,800,800,800,3000,800,2099,872,1408,800,800,942,800,800,1698,1069,800,0,0,0,0,0,0,0,0,0,0,0,0,0,0,100,0,61074.43322753906,247008.95288085938,0,404332056576,8589930496,4049125376,0
199,1779637945924,800,800,800,3000,800,2099,872,1408,800,800,942,800,800,1698,1069,800,0,0,0,0,0,0,0,0,0,0,4.761904716491699,0,0,0,100,0,61074.93621826172,247014.27954101563,0,404332056576,8589930496,4049125376,0
199,1779637946124,800,800,800,3000,800,2099,872,1408,800,800,942,800,800,1698,1069,800,0,0,0,0,0,0,0,0,0,0,0,0,0,0,100,0,61075.43005371094,247019.61517333984,0,404332056576,8589930496,4049125376,0
199,1779637946324,800,800,800,3000,800,2099,872,1408,800,800,942,800,800,1698,1069,800,0,0,0,0,0,0,0,0,0,0,0,0,0,0,100,0,61075.96984863281,247024.9512939453,0,404332056576,8589930496,4049125376,0
199,1779637946524,800,800,800,3000,800,2099,872,1408,800,800,942,800,800,1698,1069,800,0,0,0,0,0,0,0,0,0,0,0,0,0,0,100,0,61076.44940185547,247030.28680419922,0,404332056576,8589930496,4049125376,0
199,1779637946724,800,800,800,3000,800,2099,872,1408,800,800,942,800,800,1698,1069,800,0,0,0,0,0,0,0,0,0,0,0,0,0,0,100,0,61076.931701660156,247035.62725830078,0,404332056576,8589930496,4049125376,0
199,1779637946925,800,800,800,3000,800,2099,872,1408,800,800,942,800,800,1698,1069,800,0,0,0,0,0,0,0,0,0,0,0,0,0,0,100,0,61077.43615722656,247040.96514892578,0,404332056576,8589930496,4049117184,0
199,1779637947125,800,800,800,3000,800,2099,872,1408,800,800,942,800,800,1698,1069,800,0,0,0,0,0,0,0,0,0,0,0,0,0,0,100,0,61077.902587890625,247046.29901123047,0,404332056576,8589930496,4049117184,0
199,1779637947325,800,800,800,3000,800,2099,872,1408,800,800,942,800,800,1698,1069,800,0,0,0,0,0,0,0,0,0,0,0,0,0,0,100,0,61078.36395263672,247051.63891601563,0,404332056576,8589930496,4049117184,0
199,1779637947525,800,800,800,3000,800,2099,872,1408,800,800,942,800,800,1698,1069,800,0,0,0,0,0,0,0,0,0,0,4.761904716491699,0,0,0,100,0,61078.953063964844,247057.08374023438,0,404332056576,8589930496,4049117184,0
199,1779637947725,800,800,800,3000,800,2099,872,1408,800,800,942,800,800,1698,1069,800,0,0,0,0,0,0,0,0,0,0,0,0,0,0,100,0,61079.40539550781,247062.4330444336,0,404332056576,8589930496,4049117184,0
199,1779637947925,800,800,800,3000,800,2099,872,1408,800,800,942,800,800,1698,1069,800,0,0,0,0,0,0,0,0,0,0,0,0,0,0,100,0,61079.902587890625,247067.7901611328,0,404332056576,8589930496,4049117184,0
199,1779637948125,800,800,800,3000,800,2099,872,1408,800,800,942,800,800,1698,1069,800,0,0,0,0,0,0,0,0,0,0,0,0,0,0,100,0,61080.376708984375,247073.13665771484,0,404332056576,8589930496,4049117184,0
199,1779637948325,800,800,800,3000,800,2099,872,1408,800,800,942,800,800,1698,1069,800,0,0,0,0,0,0,0,0,0,0,0,0,0,0,100,0,61080.829040527344,247078.48571777344,0,404332056576,8589930496,4049117184,0
199,1779637948526,800,800,800,3000,800,2099,872,1408,800,800,942,800,800,1698,1069,800,0,0,0,0,0,0,0,0,0,0,0,0,0,0,100,0,61081.28125,247083.83557128906,0,404332056576,8589930496,4049117184,0
199,1779637948726,800,800,800,3000,800,2099,872,1408,800,800,942,800,800,1698,1069,800,0,0,0,0,0,0,0,0,0,0,0,0,0,0,100,0,61081.703369140625,247089.18725585938,0,404332056576,8589930496,4048601088,0
199,1779637948926,800,800,800,3000,800,2099,872,1408,800,800,942,800,800,1698,1069,800,20,0,0,0,0,0,0,4.761904716491699,0,5,0,0,0,0,60.000003814697266,10,61082.60559082031,247094.6509399414,0,404332056576,8589930496,4056498176,0
199,1779637949126,800,800,800,3000,800,2099,872,1408,800,800,942,800,800,1698,1069,800,100,0,0,0,0,0,0,0,0,0,0,0,0,0,0,0,61085.373962402344,247101.16137695313,0,404332056576,8589930496,4056498176,0
199,1779637949326,800,800,800,3000,800,2099,872,1408,800,800,942,800,800,1698,1069,800,100,0,0,0,0,0,0,0,0,0,0,0,0,0,0,0,61088.298828125,247107.91064453125,0,404332056576,8589930496,4056498176,0
199,1779637949526,800,800,800,3000,800,2099,872,1408,800,800,942,800,800,1698,1069,800,100,0,0,0,0,0,0,0,0,0,0,0,0,0,0,0,61091.164123535156,247114.6251220703,0,404332056576,8589930496,4056498176,0
199,1779637949726,800,800,800,3000,800,2099,872,1408,800,800,942,800,800,1698,1069,800,100,0,0,0,0,0,0,0,0,0,0,0,0,0,0,0,61094.078674316406,247121.39880371094,0,404332056576,8589930496,4056498176,0
199,1779637949927,800,800,800,3000,800,2099,872,1408,800,800,942,800,800,1698,1069,800,100,0,0,0,0,0,0,0,0,0,0,0,0,0,0,0,61097.015563964844,247128.10705566406,0,404332056576,8589930496,4056498176,0
199,1779637950127,800,800,800,3000,800,2099,872,1408,800,800,942,800,800,1698,1069,800,100,0,0,0,0,0,0,0,0,0,0,0,0,0,0,0,61099.92071533203,247134.84899902344,0,404332056576,8589930496,4056498176,0
199,1779637950327,800,800,800,3000,800,2099,872,1408,800,800,942,800,800,1698,1069,800,100,0,0,0,0,0,0,0,0,0,0,0,0,0,0,0,61102.854553222656,247141.59838867188,0,404332056576,8589930496,4056498176,0
199,1779637950527,800,800,800,3000,800,2099,872,1408,800,800,942,800,800,1698,1069,800,100,0,0,0,0,0,0,0,0,0,0,0,0,0,0,0,61105.78839111328,247148.5213623047,0,404332056576,8589930496,4056498176,0
199,1779637950727,800,800,800,3000,800,2099,872,1408,800,800,942,800,800,1698,1069,800,100,0,0,0,0,0,0,0,0,0,0,0,0,0,0,0,61108.720642089844,247155.26000976563,0,404332056576,8589930496,4056498176,0
199,1779637950927,800,800,800,3000,800,2099,872,1408,800,800,942,800,800,1698,1069,800,100,0,0,0,0,0,0,0,0,0,0,0,0,0,0,0,61111.631591796875,247162.00909423828,0,404332056576,8589930496,4056498176,0
199,1779637951127,800,800,800,3000,800,2099,872,1408,800,800,942,800,800,1698,1069,800,100,0,0,0,0,0,0,0,0,0,0,0,0,0,0,0,61114.55682373047,247168.7437133789,0,404332056576,8589930496,4056498176,0
199,1779637951327,800,800,800,3000,800,2099,872,1408,800,800,942,800,800,1698,1069,800,100,0,0,0,0,0,0,0,0,0,0,0,0,0,0,0,61117.51446533203,247175.48260498047,0,404332056576,8589930496,4056498176,0
199,1779637951528,800,800,800,3000,800,2099,872,1408,800,800,942,800,800,1698,1069,800,100,0,0,0,0,0,0,0,0,0,0,0,0,0,0,0,61120.45684814453,247182.22326660156,0,404332056576,8589930496,4056498176,0
199,1779637951728,800,800,800,3000,800,2099,872,1408,800,800,942,800,800,1698,1069,800,100,0,0,0,0,0,0,0,0,0,0,0,0,0,0,0,61123.36688232422,247188.95587158203,0,404332056576,8589930496,4056498176,0
199,1779637951928,800,800,800,3000,800,2099,872,1408,800,800,942,800,800,1698,1069,800,100,0,0,0,0,0,0,0,0,0,0,0,0,0,0,0,61126.282653808594,247195.70080566406,0,404332056576,8589930496,4056498176,0
199,1779637952128,800,800,800,3000,800,2099,872,1408,800,800,942,800,800,1698,1069,800,100,0,0,0,0,0,0,0,0,0,0,0,0,0,0,0,61129.20202636719,247202.43994140625,0,404332056576,8589930496,4056498176,0
199,1779637952328,800,800,800,3000,800,2099,872,1408,800,800,942,800,800,1698,1069,800,100,0,0,0,0,0,0,0,0,0,0,0,0,0,0,0,61132.116943359375,247209.17895507813,0,404332056576,8589930496,4056498176,0
199,1779637952528,800,800,800,3000,800,2099,872,1408,800,800,942,800,800,1698,1069,800,100,0,0,0,0,0,0,0,0,0,0,4.761904716491699,0,0,0,0,61135.031005859375,247215.91802978516,0,404332056576,8589930496,4056498176,0
199,1779637952728,800,800,800,3000,800,2099,872,1408,800,800,942,800,800,1698,1069,800,100,0,0,0,0,0,0,0,0,0,0,0,0,0,0,0,61137.95642089844,247222.66888427734,0,404332056576,8589930496,4056498176,0
199,1779637952928,800,800,800,3000,800,2099,872,1408,800,800,942,800,800,1698,1069,800,100,0,0,0,0,0,0,0,0,0,0,0,0,0,0,0,61140.88903808594,247229.4175415039,0,404332056576,8589930496,4056498176,0
199,1779637953129,800,800,800,3000,800,2099,872,1408,800,800,942,800,800,1698,1069,800,100,0,0,0,0,0,0,0,0,0,0,0,0,0,0,0,61143.81170654297,247236.1639404297,0,404332056576,8589930496,4056498176,0
199,1779637953329,800,800,800,3000,800,2099,872,1408,800,800,942,800,800,1698,1069,800,100,0,0,0,0,0,0,0,0,0,0,0,0,0,0,0,61146.71160888672,247242.90393066406,0,404332056576,8589930496,4056498176,0
199,1779637953529,800,800,800,3000,800,2099,872,1408,800,800,942,800,800,1698,1069,800,100,0,0,0,0,0,0,0,0,0,0,0,0,0,0,0,61149.630920410156,247249.64617919922,0,404332056576,8589930496,4056498176,0
199,1779637953729,800,800,800,3000,800,2099,872,1408,800,800,942,800,800,1698,1069,800,100,0,0,0,0,0,0,0,0,0,0,0,0,0,0,0,61152.566955566406,247256.38470458984,0,404332056576,8589930496,4056498176,0
199,1779637953929,800,800,800,3000,800,2099,872,1408,800,800,942,800,800,1698,1069,800,100,0,0,0,0,0,0,0,0,0,0,0,0,0,0,0,61155.46221923828,247263.12896728516,0,404332056576,8589930496,4056498176,0
199,1779637954129,800,800,800,3000,800,2099,872,1408,800,800,942,800,800,1698,1069,800,100,0,0,0,0,0,0,0,0,0,0,0,0,0,0,0,61158.379943847656,247269.86981201172,0,404332056576,8589930496,4056240128,0
199,1779637954329,800,800,800,3000,800,2099,872,1408,800,800,942,800,800,1698,1069,800,100,0,0,0,0,0,0,0,0,0,0,0,0,0,0,0,61161.32312011719,247276.6141357422,0,404332056576,8589930496,4056240128,0
199,1779637954530,800,800,800,3000,800,2099,872,1408,800,800,942,800,800,1698,1069,800,100,0,0,0,0,0,0,0,0,0,0,0,0,0,0,0,61164.26776123047,247283.35626220703,0,404332056576,8589930496,4056240128,0
199,1779637954730,800,800,800,3000,800,2099,872,1408,800,800,942,800,800,1698,1069,800,90,0,0,0,0,0,0,0,0,0,0,0,0,10,0,0,61167.243591308594,247290.04986572266,0,404332056576,8589930496,4055982080,0
199,1779637954930,800,800,800,3000,800,2099,872,1408,800,800,942,800,800,1698,1069,800,5,0,0,0,0,0,0,84.21052551269531,0,0,0,0,0,0,0,0,61168.091796875,247295.4256591797,0,404332056576,8589930496,4055982080,0
199,1779637955130,800,800,800,3000,800,2099,872,1408,800,800,942,800,800,1698,1069,800,0,0,0,0,0,0,0,100,0,0,0,0,0,0,0,0,61168.671630859375,247300.79595947266,0,404332056576,8589930496,4055982080,0
199,1779637955330,800,800,800,3000,800,2099,872,1408,800,800,942,800,800,1698,1069,800,0,0,0,0,0,0,0,100,0,0,4.761904716491699,0,0,0,0,0,61169.21759033203,247306.31994628906,0,404332056576,8589930496,4055982080,0
199,1779637955530,800,800,800,3000,800,2099,872,1408,800,800,942,800,800,1698,1069,800,0,0,0,0,0,0,0,100,0,0,0,0,0,0,0,0,61169.72576904297,247311.6737060547,0,404332056576,8589930496,4055982080,0
199,1779637955730,800,800,800,3000,800,2099,872,1408,800,800,942,800,800,1698,1069,800,0,0,0,0,0,0,0,100,0,0,4.761904716491699,0,0,0,0,0,61170.24530029297,247317.17333984375,0,404332056576,8589930496,4055982080,0
199,1779637955930,800,800,800,3000,800,2099,872,1408,800,800,942,800,800,1698,1069,800,0,0,0,0,0,0,0,100,0,0,0,0,0,0,0,0,61170.76983642578,247322.66925048828,0,404332056576,8589930496,4055724032,0
199,1779637956131,800,800,800,3000,800,2099,872,1408,800,800,942,800,800,1698,1069,800,0,0,0,0,0,0,0,100,0,0,0,0,0,0,0,0,61171.287048339844,247328.1885986328,0,404332056576,8589930496,4055724032,0
199,1779637956331,800,800,800,3000,800,2099,872,1408,800,800,942,800,800,1698,1069,800,0,0,0,0,0,0,0,100,0,0,0,0,0,0,0,0,61171.85870361328,247333.66076660156,0,404332056576,8589930496,4055724032,0
199,1779637956531,800,800,800,3000,800,2099,872,1408,800,800,942,800,800,1698,1069,800,0,0,0,0,0,0,0,100,0,0,0,0,0,0,0,0,61172.36047363281,247338.9951171875,0,404332056576,8589930496,4055724032,0
199,1779637956731,800,800,800,3000,800,2099,872,1408,800,800,942,800,800,1698,1069,800,0,0,0,0,0,0,0,100,0,0,0,0,0,0,0,0,61172.85778808594,247344.3299560547,0,404332056576,8589930496,4055724032,0
199,1779637956931,800,800,800,3000,800,2099,872,1408,800,800,942,800,800,1698,1069,800,0,0,0,0,0,0,0,100,0,0,0,0,0,0,0,0,61173.42810058594,247349.7710571289,0,404332056576,8589930496,4055724032,0
199,1779637957131,800,800,800,3000,800,2099,872,1408,800,800,942,800,800,1698,1069,800,0,0,0,0,0,0,0,100,0,0,0,0,0,0,0,0,61173.93713378906,247355.28399658203,0,404332056576,8589930496,4055724032,0
199,1779637957331,800,800,800,3000,800,2099,872,1408,800,800,942,800,800,1698,1069,800,0,0,0,0,0,0,0,100,0,0,0,0,0,0,0,0,61174.48229980469,247360.7840576172,0,404332056576,8589930496,4055724032,0
199,1779637957532,800,800,800,3000,800,2099,872,1408,800,800,942,800,800,1698,1069,800,0,0,0,0,0,0,0,100,0,0,0,0,0,0,0,0,61175.02209472656,247366.3145751953,0,404332056576,8589930496,4055724032,0
199,1779637957732,800,800,800,3000,800,2099,872,1408,800,800,942,800,800,1698,1069,800,0,0,0,0,0,0,0,100,0,0,0,0,0,0,0,0,61175.526123046875,247371.6544189453,0,404332056576,8589930496,4055719936,0
199,1779637957932,800,800,800,3000,800,2099,872,1408,800,800,942,800,800,1698,1069,800,0,0,0,0,0,0,0,100,0,0,0,0,0,0,0,0,61176.06494140625,247376.98950195313,0,404332056576,8589930496,4055719936,0
199,1779637958132,800,800,800,3000,800,2099,872,1408,800,800,942,800,800,1698,1069,800,0,0,0,0,0,0,0,100,0,0,0,0,0,0,0,0,61176.572265625,247382.3257446289,0,404332056576,8589930496,4055719936,0
199,1779637958332,800,800,800,3000,800,2099,872,1408,800,800,942,800,800,1698,1069,800,0,0,0,0,0,0,0,100,0,0,0,0,0,0,0,0,61177.04949951172,247387.662109375,0,404332056576,8589930496,4055719936,0
199,1779637958532,800,800,800,3000,800,2099,872,1408,800,800,942,800,800,1698,1069,800,0,0,0,0,0,0,0,100,0,0,0,0,0,0,0,0,61177.561279296875,247392.99200439453,0,404332056576,8589930496,4055719936,0
199,1779637958732,800,800,800,3000,800,2099,872,1408,800,800,942,800,800,1698,1069,800,0,0,0,0,0,0,0,100,0,0,4.761904716491699,0,0,0,0,0,61178.0615234375,247398.32635498047,0,404332056576,8589930496,4055719936,0
199,1779637958932,800,800,800,3000,800,2099,872,1408,800,800,942,800,800,1698,1069,800,0,0,0,0,0,0,0,100,0,0,0,0,0,0,0,0,61178.595458984375,247403.66119384766,0,404332056576,8589930496,4055461888,0
199,1779637959133,800,800,800,3000,800,2099,872,1408,800,800,942,800,800,1698,1069,800,0,0,0,0,0,0,0,100,0,0,0,0,0,0,0,0,61179.15100097656,247408.99237060547,0,404332056576,8589930496,4055461888,0
199,1779637959333,800,800,800,3000,800,2099,872,1408,800,800,942,800,800,1698,1069,800,0,0,0,0,0,0,0,100,0,0,0,0,0,0,0,0,61179.70007324219,247414.32904052734,0,404332056576,8589930496,4055445504,0
199,1779637959533,800,800,800,3000,800,2099,872,1408,800,800,942,800,800,1698,1069,800,0,0,0,0,0,0,0,100,0,0,0,0,0,0,0,0,61180.268310546875,247419.6625366211,0,404332056576,8589930496,4055445504,0
199,1779637959733,800,800,800,3000,800,2099,872,1408,800,800,942,800,800,1698,1069,800,0,0,0,0,0,0,0,100,0,0,0,0,0,0,0,0,61180.81903076172,247425.0009765625,0,404332056576,8589930496,4055445504,0
199,1779637959933,800,800,800,3000,800,2099,872,1408,800,800,942,800,800,1698,1069,800,0,4.761904716491699,0,0,0,0,0,100,0,0,0,0,0,0,0,0,61181.34558105469,247430.34259033203,0,404332056576,8589930496,4055445504,0
199,1779637960133,800,800,800,3000,800,2099,872,1408,800,800,942,800,800,1698,1069,800,0,0,0,0,0,0,0,100,0,0,0,0,0,0,0,0,61181.90692138672,247435.65759277344,0,404332056576,8589930496,4055445504,0
199,1779637960333,800,800,800,3000,800,2099,872,1408,800,800,942,800,800,1698,1069,800,0,0,0,0,0,0,0,100,0,0,0,0,0,0,0,0,61182.45715332031,247441.03533935547,0,404332056576,8589930496,4055445504,0
199,1779637960533,800,800,800,3000,800,2099,872,1408,800,800,942,800,800,1698,1069,800,0,0,0,0,0,0,0,100,0,0,0,0,0,0,0,0,61182.99206542969,247446.35711669922,0,404332056576,8589930496,4055445504,0
199,1779637960734,800,800,800,3000,800,2099,872,1408,800,800,942,800,800,1698,1069,800,65,0,0,0,0,0,0,15.789472579956055,0,0,0,0,0,0,5.263157844543457,0,61184.94836425781,247452.37506103516,0,404332056576,8589930496,4057456640,0
199,1779637960934,800,800,800,3000,800,2099,872,1408,800,800,942,800,800,1698,1069,800,100,0,0,0,0,0,0,0,0,0,0,0,0,0,0,0,61187.92449951172,247459.33081054688,0,404332056576,8589930496,4057456640,0
199,1779637961134,800,800,800,3000,800,2099,872,1408,800,800,942,800,800,1698,1069,800,100,0,0,0,0,0,0,0,0,0,0,0,0,0,0,0,61190.876220703125,247466.28125,0,404332056576,8589930496,4057456640,0
199,1779637961334,800,800,800,3000,800,2099,872,1408,800,800,942,800,800,1698,1069,800,100,0,0,0,0,0,0,0,0,0,0,0,0,0,0,0,61193.840881347656,247473.23168945313,0,404332056576,8589930496,4057456640,0
199,1779637961534,800,800,800,3000,800,2099,872,1408,800,800,942,800,800,1698,1069,800,100,0,0,0,0,0,0,0,0,0,0,0,0,0,0,0,61196.795166015625,247480.04333496094,0,404332056576,8589930496,4057456640,0
199,1779637961734,800,800,800,3000,800,2099,872,1408,800,800,942,800,800,1698,1069,800,100,0,0,0,0,0,0,0,0,0,0,0,0,0,0,0,61199.75927734375,247486.78344726563,0,404332056576,8589930496,4057456640,0
199,1779637961934,800,800,800,3000,800,2099,872,1408,800,800,942,800,800,1698,1069,800,100,0,0,0,0,0,0,0,0,0,0,0,0,0,0,0,61202.700439453125,247493.6625366211,0,404332056576,8589930496,4057198592,0
199,1779637962134,800,800,800,3000,800,2099,872,1408,800,800,942,800,800,1698,1069,800,100,0,0,0,0,0,0,0,0,0,0,0,0,0,0,0,61205.60888671875,247500.56396484375,0,404332056576,8589930496,4057198592,0
199,1779637962335,800,800,800,3000,800,2099,872,1408,800,800,942,800,800,1698,1069,800,100,0,0,0,0,0,0,0,0,0,0,0,0,0,0,0,61208.53625488281,247507.50244140625,0,404332056576,8589930496,4057198592,0
199,1779637962535,800,800,800,3000,800,2099,872,1408,800,800,942,800,800,1698,1069,800,100,0,0,0,0,0,0,0,0,0,0,0,0,0,0,0,61211.45294189453,247514.42974853516,0,404332056576,8589930496,4057198592,0
199,1779637962735,800,800,800,3000,800,2099,872,1408,800,800,942,800,800,1698,1069,800,100,0,0,0,0,0,0,0,0,0,0,0,0,0,0,0,61214.388671875,247521.3775024414,0,404332056576,8589930496,4057198592,0
199,1779637962935,800,800,800,3000,800,2099,872,1408,800,800,942,800,800,1698,1069,800,100,0,0,0,0,0,0,0,0,0,0,0,0,0,0,0,61217.28430175781,247528.19049072266,0,404332056576,8589930496,4057198592,0
199,1779637963135,800,800,800,3000,800,2099,872,1408,800,800,942,800,800,1698,1069,800,100,0,0,0,0,0,0,0,0,0,0,0,0,0,0,0,61220.18487548828,247534.93560791016,0,404332056576,8589930496,4057198592,0
199,1779637963335,800,800,800,3000,800,2099,872,1408,800,800,942,800,800,1698,1069,800,100,0,0,0,0,0,0,0,0,0,0,0,0,0,0,0,61223.13018798828,247541.68127441406,0,404332056576,8589930496,4057198592,0
199,1779637963535,800,800,800,3000,800,2099,872,1408,800,800,942,800,800,1698,1069,800,100,0,0,0,0,0,0,0,0,0,4.761904716491699,0,0,0,0,0,61226.06201171875,247548.4237060547,0,404332056576,8589930496,4057198592,0
199,1779637963736,800,800,800,3000,800,2099,872,1408,800,800,942,800,800,1698,1069,800,100,0,0,0,0,0,0,0,0,0,0,0,0,0,0,0,61228.9892578125,247555.16833496094,0,404332056576,8589930496,4057182208,0
199,1779637963936,800,800,800,3000,800,2099,872,1408,800,800,942,800,800,1698,1069,800,100,0,0,0,0,0,0,0,0,0,0,0,0,0,0,0,61231.931091308594,247561.91284179688,0,404332056576,8589930496,4057182208,0
199,1779637964136,800,800,800,3000,800,2099,872,1408,800,800,942,800,800,1698,1069,800,100,0,0,0,0,0,0,0,0,0,0,0,0,0,0,0,61234.8662109375,247568.65130615234,0,404332056576,8589930496,4057182208,0
199,1779637964336,800,800,800,3000,800,2099,872,1408,800,800,942,800,800,1698,1069,800,100,0,0,0,0,0,0,0,0,0,0,0,0,0,0,0,61237.773010253906,247575.39556884766,0,404332056576,8589930496,4057182208,0
199,1779637964536,800,800,800,3000,800,2099,872,1408,800,800,942,800,800,1698,1069,800,100,0,0,0,0,0,0,0,0,0,4.761904716491699,0,0,0,0,0,61240.68035888672,247582.0951538086,0,404332056576,8589930496,4057182208,0
199,1779637964736,800,800,800,3000,800,2099,872,1408,800,800,942,800,800,1698,1069,800,100,0,0,0,0,0,0,0,0,0,0,0,0,0,0,0,61243.60388183594,247588.86688232422,0,404332056576,8589930496,4057182208,0
199,1779637964936,800,800,800,3000,800,2099,872,1408,800,800,942,800,800,1698,1069,800,100,0,0,0,0,0,0,0,0,0,0,0,0,0,0,0,61246.57440185547,247595.5997314453,0,404332056576,8589930496,4057182208,0
199,1779637965136,800,800,800,3000,800,2099,872,1408,800,800,942,800,800,1698,1069,800,100,0,0,0,0,0,0,0,0,0,0,0,0,0,0,0,61249.490173339844,247602.333984375,0,404332056576,8589930496,4057182208,0
199,1779637965337,800,800,800,3000,800,2099,872,1408,800,800,942,800,800,1698,1069,800,100,0,0,0,0,0,0,0,0,0,0,0,0,0,0,0,61252.40740966797,247609.0687866211,0,404332056576,8589930496,4057182208,0
199,1779637965537,800,800,800,3000,800,2099,872,1408,800,800,942,800,800,1698,1069,800,100,0,0,0,0,0,0,0,0,0,0,0,0,0,0,0,61255.30096435547,247615.80560302734,0,404332056576,8589930496,4057182208,0
199,1779637965737,800,800,800,3000,800,2099,872,1408,800,800,942,800,800,1698,1069,800,100,0,0,0,0,0,0,0,0,0,0,0,0,0,0,0,61258.208557128906,247622.53778076172,0,404332056576,8589930496,4057182208,0
199,1779637965937,800,800,800,3000,800,2099,872,1408,800,800,942,800,800,1698,1069,800,100,0,0,0,0,0,0,0,0,0,0,0,0,0,0,0,61261.08953857422,247629.27514648438,0,404332056576,8589930496,4056924160,0
199,1779637966137,800,800,800,3000,800,2099,872,1408,800,800,942,800,800,1698,1069,800,100,0,0,0,0,0,0,0,0,0,0,0,0,0,0,0,61264.00207519531,247636.0132446289,0,404332056576,8589930496,4056924160,0
199,1779637966337,800,800,800,3000,800,2099,872,1408,800,800,942,800,800,1698,1069,800,100,0,0,0,0,0,0,0,0,0,0,4.761904716491699,0,0,0,0,61266.87579345703,247642.75061035156,0,404332056576,8589930496,4056924160,0
199,1779637966537,800,800,800,3000,800,2099,872,1408,800,800,942,800,800,1698,1069,800,45,0,0,0,0,0,0,4.761904716491699,14.285715103149414,0,0,0,0,0,0,35,61269.233337402344,247648.92205810547,0,404332056576,8589930496,4060794880,0
199,1779637966737,800,800,800,3000,800,2099,872,1408,800,800,942,800,800,1698,1069,800,0,0,0,0,0,0,0,0,0,0,0,0,0,0,0,100,61269.75714111328,247654.34490966797,0,404332056576,8589930496,4060536832,0
199,1779637966938,800,800,800,3000,800,2099,872,1408,800,800,942,800,800,1698,1069,800,0,0,0,0,0,0,0,0,0,0,0,0,0,0,0,100,61270.23278808594,247659.84014892578,0,404332056576,8589930496,4060536832,0
199,1779637967138,800,800,800,3000,800,2099,872,1408,800,800,942,800,800,1698,1069,800,0,0,0,0,0,0,0,0,0,0,0,0,0,0,0,100,61270.69354248047,247665.17706298828,0,404332056576,8589930496,4060536832,0
199,1779637967338,800,800,800,3000,800,2099,872,1408,800,800,942,800,800,1698,1069,800,0,0,0,0,0,0,0,0,0,0,0,0,0,0,0,100,61271.21520996094,247670.51989746094,0,404332056576,8589930496,4060536832,0
199,1779637967538,800,800,800,3000,800,2099,872,1408,800,800,942,800,800,1698,1069,800,0,0,0,0,0,0,0,0,0,0,0,0,0,0,0,100,61271.694580078125,247675.86627197266,0,404332056576,8589930496,4060536832,0
199,1779637967738,800,800,800,3000,800,2099,872,1408,800,800,942,800,800,1698,1069,800,0,0,0,0,0,0,0,0,0,0,0,0,0,0,0,100,61272.261657714844,247681.3516845703,0,404332056576,8589930496,4060536832,0
199,1779637967938,800,800,800,3000,800,2099,872,1408,800,800,942,800,800,1698,1069,800,0,0,0,0,0,0,0,0,0,0,0,0,0,0,0,100,61272.81750488281,247686.85076904297,0,404332056576,8589930496,4060536832,0
199,1779637968138,800,800,800,3000,800,2099,872,1408,800,800,942,800,800,1698,1069,800,0,0,0,0,0,0,0,0,0,0,0,0,0,0,0,100,61273.332580566406,247692.21868896484,0,404332056576,8589930496,4060536832,0
199,1779637968338,800,800,800,3000,800,2099,872,1408,800,800,942,800,800,1698,1069,800,0,0,0,0,0,0,0,0,0,0,0,0,0,0,0,100,61273.828857421875,247697.59619140625,0,404332056576,8589930496,4060536832,0
199,1779637968539,800,800,800,3000,800,2099,872,1408,800,800,942,800,800,1698,1069,800,0,0,0,0,0,0,0,0,0,0,0,0,0,0,0,100,61274.33386230469,247702.93829345703,0,404332056576,8589930496,4060536832,0
199,1779637968739,800,800,800,3000,800,2099,872,1408,800,800,942,800,800,1698,1069,800,0,0,0,0,0,0,0,0,0,0,0,0,0,0,0,100,61274.831115722656,247708.28271484375,0,404332056576,8589930496,4060278784,0
199,1779637968939,800,800,800,3000,800,2099,872,1408,800,800,942,800,800,1698,1069,800,0,0,0,0,0,0,0,0,0,0,0,0,0,0,0,100,61275.389221191406,247713.7427368164,0,404332056576,8589930496,4060221440,0
199,1779637969139,800,800,800,3000,800,2099,872,1408,800,800,942,800,800,1698,1069,800,0,0,0,0,0,0,0,0,0,0,0,0,0,0,0,100,61275.87841796875,247719.08404541016,0,404332056576,8589930496,4060221440,0
199,1779637969339,800,800,800,3000,800,2099,872,1408,800,800,942,800,800,1698,1069,800,0,0,0,0,0,0,0,0,0,0,0,0,0,0,0,100,61276.35656738281,247724.4256591797,0,404332056576,8589930496,4060221440,0
199,1779637969539,800,800,800,3000,800,2099,872,1408,800,800,942,800,800,1698,1069,800,0,0,0,0,0,0,0,0,0,0,0,0,0,0,0,100,61276.83233642578,247729.78784179688,0,404332056576,8589930496,4060221440,0
199,1779637969739,800,800,800,3000,800,2099,872,1408,800,800,942,800,800,1698,1069,800,0,0,0,0,0,0,0,0,0,0,0,0,0,0,0,100,61277.29815673828,247735.12591552734,0,404332056576,8589930496,4060221440,0
199,1779637969940,800,800,800,3000,800,2099,872,1408,800,800,942,800,800,1698,1069,800,0,0,0,0,0,0,0,0,0,0,0,0,0,0,0,100,61277.79248046875,247740.47467041016,0,404332056576,8589930496,4060221440,0
199,1779637970140,800,800,800,3000,800,2099,872,1408,800,800,942,800,800,1698,1069,800,0,0,0,0,0,0,0,0,0,0,0,0,0,0,0,100,61278.266174316406,247745.81121826172,0,404332056576,8589930496,4060221440,0
199,1779637970340,800,800,800,3000,800,2099,872,1408,800,800,942,800,800,1698,1069,800,0,0,0,0,0,0,0,0,0,0,0,0,0,0,0,100,61278.7421875,247751.1239013672,0,404332056576,8589930496,4060221440,0
199,1779637970540,800,800,800,3000,800,2099,872,1408,800,800,942,800,800,1698,1069,800,0,0,0,0,0,0,0,0,0,0,0,0,0,0,0,100,61279.24365234375,247756.4678955078,0,404332056576,8589930496,4060221440,0
199,1779637970740,800,800,800,3000,800,2099,872,1408,800,800,942,800,800,1698,1069,800,0,0,0,0,0,0,0,0,0,0,0,0,0,0,0,100,61279.71063232422,247761.8056640625,0,404332056576,8589930496,4060221440,0
199,1779637970940,800,800,800,3000,800,2099,872,1408,800,800,942,800,800,1698,1069,800,4.761904716491699,0,0,0,0,0,0,0,0,0,0,0,0,0,0,100,61280.181579589844,247767.15173339844,0,404332056576,8589930496,4060221440,0
199,1779637971140,800,800,800,3000,800,2099,872,1408,800,800,942,800,800,1698,1069,800,0,0,0,0,0,0,0,0,0,0,0,0,0,0,0,100,61280.65655517578,247772.48828125,0,404332056576,8589930496,4060221440,0
199,1779637971340,800,800,800,3000,800,2099,872,1408,800,800,942,800,800,1698,1069,800,0,0,0,0,0,0,0,0,0,0,0,0,0,0,0,100,61281.10723876953,247777.83013916016,0,404332056576,8589930496,4060221440,0
199,1779637971541,800,800,800,3000,800,2099,872,1408,800,800,942,800,800,1698,1069,800,0,0,0,0,0,0,0,0,0,0,0,0,0,0,0,100,61281.576599121094,247783.17462158203,0,404332056576,8589930496,4060221440,0
199,1779637971741,800,800,800,3000,800,2099,872,1408,800,800,942,800,800,1698,1069,800,0,0,0,0,0,0,0,0,0,0,0,0,0,0,0,100,61282.00817871094,247788.51586914063,0,404332056576,8589930496,4059963392,0
199,1779637971941,800,800,800,3000,800,2099,872,1408,800,800,942,800,800,1698,1069,800,0,0,0,0,0,0,0,0,0,0,0,0,0,0,0,100,61282.469970703125,247793.8612060547,0,404332056576,8589930496,4059705344,0
199,1779637972141,800,800,800,3000,800,2099,872,1408,800,800,942,800,800,1698,1069,800,0,0,0,0,0,0,0,0,0,0,0,0,0,0,0,100,61282.929931640625,247799.20532226563,0,404332056576,8589930496,4059447296,0
199,1779637972341,800,800,800,3000,800,2099,872,1408,800,800,942,800,800,1698,1069,800,4.761904716491699,0,0,0,0,0,0,20,0,0,0,0,0,0,0,68.42105102539063,61283.837829589844,247804.50946044922,0,404332056576,8589930496,4059447296,0
0,1779637972541,800,800,800,3000,800,2099,872,1408,800,800,942,800,800,1698,1069,800,0,0,0,0,0,0,0,14.285715103149414,0,0,0,0,0,0,0,0,61283.880432128906,247807.43322753906,0,404332056576,8589930496,4051259392,0
